[9,7,6,3,6,0,1,3,0,9,7,4,5,4,8,2,8,1,2,5], 1, 0, 39, 0.00, [9,7,6,3,6,0,1,3,0,9,7,4,5,4,8,2,8,1,2,5], 1, 0, 31, 0.00, [9,7,6,3,6,0,1,3,0,9,7,4,5,4,8,2,8,1,2,5], 1, 0, 7, 0.00, [9,7,6,3,6,0,1,3,0,9,7,4,5,4,8,2,8,1,2,5], 1, 0, 32, 0.00, [9,7,6,3,6,0,1,3,0,9,7,4,5,4,8,2,8,1,2,5], 1, 0, 38, 0.00, [9,7,6,3,6,0,1,3,0,9,7,4,5,4,8,2,8,1,2,5], 1, 0, 46, 0.00, [9,7,6,3,6,0,1,3,0,9,7,4,5,4,8,2,8,1,2,5], 1, 0, 42, 0.00, 
[9,7,6,3,6,0,1,3,0,9,7,4,5,4,8,2,8,1,2,5], 1, 0, 51, 0.00, 
[9,7,6,3,6,0,1,3,0,9,7,4,5,4,8,2,8,1,2,5], 1, 0, 36, 0.00, 
[9,7,6,3,6,0,1,3,0,9,7,4,5,4,8,2,8,1,2,5], 1, 0, 39, 0.00, 
[9,7,6,3,6,0,1,3,0,9,7,4,5,4,8,2,8,1,2,5], 1, 0, 31, 0.00, 
[9,7,6,3,6,0,1,3,0,9,7,4,5,4,8,2,8,1,2,5], 1, 0, 35, 0.00, 
[9,7,6,3,6,0,1,3,0,9,7,4,5,4,8,2,8,1,2,5], 1, 0, 52, 0.00, 
[9,7,6,3,6,0,1,3,0,9,7,4,5,4,8,2,8,1,2,5], 1, 0, 48, 0.00, 
[9,7,6,3,6,0,1,3,0,9,7,4,5,4,8,2,8,1,2,5], 1, 0, 25, 0.00, 
[9,7,6,3,6,0,1,3,0,9,7,4,5,4,8,2,8,1,2,5], 1, 0, 39, 0.00, 
[9,7,6,3,6,0,1,3,0,9,7,4,5,4,8,2,8,1,2,5], 1, 0, 31, 0.00, 
[9,7,6,3,6,0,1,3,0,9,7,4,5,4,8,2,8,1,2,5], 1, 0, 37, 0.00, 
[9,7,6,3,6,0,1,3,0,9,7,4,5,4,8,2,8,1,2,5], 1, 0, 31, 0.00, 
[9,7,6,3,6,0,1,3,0,9,7,4,5,4,8,2,8,1,2,5], 1, 0, 27, 0.00, 
[9,7,6,3,6,0,1,3,0,9,7,4,5,4,8,2,8,1,2,5], 1, 0, 43, 0.00, 
[9,7,6,3,6,0,1,3,0,9,7,4,5,4,8,2,8,1,2,5], 1, 0, 43, 0.00, 
[9,7,6,3,6,0,1,3,0,9,7,4,5,4,8,2,8,1,2,5], 1, 0, 34, 0.00, 
[9,7,6,3,6,0,1,3,0,9,7,4,5,4,8,2,8,1,2,5], 1, 0, 41, 0.00, 
[9,7,6,3,6,0,1,3,0,9,7,4,5,4,8,2,8,1,2,5], 1, 0, 45, 0.00, 
[9,7,6,3,6,0,1,3,0,9,7,4,5,4,8,2,8,1,2,5], 1, 0, 28, 0.00, 
[9,7,6,3,6,0,1,3,0,9,7,4,5,4,8,2,8,1,2,5], 1, 0, 45, 0.00, 
[9,7,6,3,6,0,1,3,0,9,7,4,5,4,8,2,8,1,2,5], 1, 0, 47, 0.00, 
[9,7,6,3,6,0,1,3,0,9,7,4,5,4,8,2,8,1,2,5], 1, 0, 42, 0.00, 
[9,7,6,3,6,0,1,3,0,9,7,4,5,4,8,2,8,1,2,5], 1, 0, 48, 0.00, 
[9,7,6,3,6,0,1,3,0,9,7,4,5,4,8,2,8,1,2,5], 1, 0, 37, 0.00, 
[9,7,6,3,6,0,1,3,0,9,7,4,5,4,8,2,8,1,2,5], 1, 0, 39, 0.00, 
[9,7,6,3,6,0,1,3,0,9,7,4,5,4,8,2,8,1,2,5], 1, 0, 36, 0.00, 
[9,7,6,3,6,0,1,3,0,9,7,4,5,4,8,2,8,1,2,5], 1, 0, 35, 0.00, 
[9,7,6,3,6,0,1,3,0,9,7,4,5,4,8,2,8,1,2,5], 1, 0, 34, 0.00, 
[9,7,6,3,6,0,1,3,0,9,7,4,5,4,8,2,8,1,2,5], 1, 0, 44, 0.00, 
[9,7,6,3,6,0,1,3,0,9,7,4,5,4,8,2,8,1,2,5], 1, 0, 41, 0.00, 
[9,7,6,3,6,0,1,3,0,9,7,4,5,4,8,2,8,1,2,5], 1, 0, 47, 0.00, 
[9,7,6,3,6,0,1,3,0,9,7,4,5,4,8,2,8,1,2,5], 1, 0, 47, 0.00, 
[9,7,6,3,6,0,1,3,0,9,7,4,5,4,8,2,8,1,2,5], 1, 0, 32, 0.00, 
[9,7,6,3,6,0,1,3,0,9,7,4,5,4,8,2,8,1,2,5], 1, 0, 46, 0.00, 
[9,7,6,3,6,0,1,3,0,9,7,4,5,4,8,2,8,1,2,5], 1, 0, 37, 0.00, 
[9,7,6,3,6,0,1,3,0,9,7,4,5,4,8,2,8,1,2,5], 1, 0, 34, 0.00, 
[9,7,6,3,6,0,1,3,0,9,7,4,5,4,8,2,8,1,2,5], 1, 0, 39, 0.00, 
[9,7,6,3,6,0,1,3,0,9,7,4,5,4,8,2,8,1,2,5], 1, 0, 35, 0.00, 
[9,7,6,3,6,0,1,3,0,9,7,4,5,4,8,2,8,1,2,5], 1, 0, 30, 0.00, 
[9,7,6,3,6,0,1,3,0,9,7,4,5,4,8,2,8,1,2,5], 1, 0, 39, 0.00, 
[9,7,6,3,6,0,1,3,0,9,7,4,5,4,8,2,8,1,2,5], 1, 0, 32, 0.00, 
[9,7,6,3,6,0,1,3,0,9,7,4,5,4,8,2,8,1,2,5], 1, 0, 41, 0.00, 
[9,7,6,3,6,0,1,3,0,9,7,4,5,4,8,2,8,1,2,5], 1, 0, 39, 0.00, 
[9,7,6,3,6,0,1,3,0,9,7,4,5,4,8,2,8,1,2,5], 1, 0, 33, 0.00, 
[9,7,6,3,6,0,1,3,0,9,7,4,5,4,8,2,8,1,2,5], 1, 0, 43, 0.00, 
[9,7,6,3,6,0,1,3,0,9,7,4,5,4,8,2,8,1,2,5], 1, 0, 45, 0.00, 
[9,7,6,3,6,0,1,3,0,9,7,4,5,4,8,2,8,1,2,5], 1, 0, 26, 0.00, 
[9,7,6,3,6,0,1,3,0,9,7,4,5,4,8,2,8,1,2,5], 1, 0, 38, 0.00, 
[9,7,6,3,6,0,1,3,0,9,7,4,5,4,8,2,8,1,2,5], 1, 0, 42, 0.00, 
[9,7,6,3,6,0,1,3,0,9,7,4,5,4,8,2,8,1,2,5], 1, 0, 33, 0.00, 
[9,7,6,3,6,0,1,3,0,9,7,4,5,4,8,2,8,1,2,5], 1, 0, 36, 0.00, 
[9,7,6,3,6,0,1,3,0,9,7,4,5,4,8,2,8,1,2,5], 1, 0, 38, 0.00, 
[9,7,6,3,6,0,1,3,0,9,7,4,5,4,8,2,8,1,2,5], 1, 0, 27, 0.00, 
[9,7,6,3,6,0,1,3,0,9,7,4,5,4,8,2,8,1,2,5], 1, 0, 38, 0.00, 
[9,7,6,3,6,0,1,3,0,9,7,4,5,4,8,2,8,1,2,5], 1, 0, 35, 0.00, 
[Tue Jan 15 2019 22:50:24 GMT+0100 (Central European Standard Time)] [9,7,6,3,6,0,1,3,0,9,7,4,5,4,8,2,8,1,2,5], 1, 0, 30, 0.00, 
[Tue Jan 15 2019 22:53:16 GMT+0100 (Central European Standard Time)] [9,7,6,3,6,0,1,3,0,9,7,4,5,4,8,2,8,1,2,5], 1, 0, 42, 0.00, 
[Tue Jan 15 2019 22:56:01 GMT+0100 (Central European Standard Time)] [9,7,6,3,6,0,1,3,0,9,7,4,5,4,8,2,8,1,2,5], 1, 0, 37, 0.00, 
[Tue Jan 15 2019 22:58:30 GMT+0100 (Central European Standard Time)] [9,7,6,3,6,0,1,3,0,9,7,4,5,4,8,2,8,1,2,5], 1, 0, 41, 0.00, 
[Tue Jan 15 2019 23:01:13 GMT+0100 (Central European Standard Time)] [9,7,6,3,6,0,1,3,0,9,7,4,5,4,8,2,8,1,2,5], 1, 0, 36, 0.00, 
[Tue Jan 15 2019 23:04:33 GMT+0100 (Central European Standard Time)] [9,7,6,3,6,0,1,3,0,9,7,4,5,4,8,2,8,1,2,5], 1, 0, 46, 0.00, 
[Tue Jan 15 2019 23:07:32 GMT+0100 (Central European Standard Time)] [9,7,6,3,6,0,1,3,0,9,7,4,5,4,8,2,8,1,2,5], 1, 0, 41, 0.00, 
[Tue Jan 15 2019 23:10:27 GMT+0100 (Central European Standard Time)] [9,7,6,3,6,0,1,3,0,9,7,4,5,4,8,2,8,1,2,5], 1, 0, 44, 0.00, 
[Tue Jan 15 2019 23:13:17 GMT+0100 (Central European Standard Time)] [9,7,6,3,6,0,1,3,0,9,7,4,5,4,8,2,8,1,2,5], 1, 0, 40, 0.00, 
[Tue Jan 15 2019 23:16:38 GMT+0100 (Central European Standard Time)] [9,7,6,3,6,0,1,3,0,9,7,4,5,4,8,2,8,1,2,5], 1, 0, 53, 0.00, 
[Tue Jan 15 2019 23:19:28 GMT+0100 (Central European Standard Time)] [9,7,6,3,6,0,1,3,0,9,7,4,5,4,8,2,8,1,2,5], 1, 0, 44, 0.00, 
[Tue Jan 15 2019 23:21:59 GMT+0100 (Central European Standard Time)] [9,7,6,3,6,0,1,3,0,9,7,4,5,4,8,2,8,1,2,5], 1, 0, 46, 0.00, 
[Wed Jan 16 2019 01:02:14 GMT+0100 (Central European Standard Time)] [9,7,6,3,6,0,1,3,0,9,7,4,5,4,8,2,8,1,2,5], 1, 0, 35, 0.00, 
[Wed Jan 16 2019 03:54:45 GMT+0100 (Central European Standard Time)] [9,7,6,3,6,0,1,3,0,9,7,4,5,4,8,2,8,1,2,5], 1, 0, 39, 0.00, 
[Wed Jan 16 2019 05:40:07 GMT+0100 (Central European Standard Time)] [9,7,6,3,6,0,1,3,0,9,7,4,5,4,8,2,8,1,2,5], 1, 0, 36, 0.00, 
[Wed Jan 16 2019 07:54:45 GMT+0100 (Central European Standard Time)] [9,7,6,3,6,0,1,3,0,9,7,4,5,4,8,2,8,1,2,5], 1, 0, 44, 0.00, 
[Wed Jan 16 2019 09:13:09 GMT+0100 (Central European Standard Time)] [9,7,6,3,6,0,1,3,0,9,7,4,5,4,8,2,8,1,2,5], 1, 0, 43, 0.00, 
[Wed Jan 16 2019 09:16:06 GMT+0100 (Central European Standard Time)] [9,7,6,3,6,0,1,3,0,9,7,4,5,4,8,2,8,1,2,5], 1, 0, 45, 0.00, 
[Wed Jan 16 2019 09:18:30 GMT+0100 (Central European Standard Time)] [9,7,6,3,6,0,1,3,0,9,7,4,5,4,8,2,8,1,2,5], 1, 0, 24, 0.00, 
[Wed Jan 16 2019 09:21:08 GMT+0100 (Central European Standard Time)] [9,7,6,3,6,0,1,3,0,9,7,4,5,4,8,2,8,1,2,5], 1, 0, 43, 0.00, 
[Wed Jan 16 2019 09:24:01 GMT+0100 (Central European Standard Time)] [9,7,6,3,6,0,1,3,0,9,7,4,5,4,8,2,8,1,2,5], 1, 0, 22, 0.00, 
[Wed Jan 16 2019 09:26:38 GMT+0100 (Central European Standard Time)] [9,7,6,3,6,0,1,3,0,9,7,4,5,4,8,2,8,1,2,5], 1, 0, 43, 0.00, 
[Wed Jan 16 2019 09:29:40 GMT+0100 (Central European Standard Time)] [9,7,6,3,6,0,1,3,0,9,7,4,5,4,8,2,8,1,2,5], 1, 0, 41, 0.00, 
[Wed Jan 16 2019 09:32:22 GMT+0100 (Central European Standard Time)] [9,7,6,3,6,0,1,3,0,9,7,4,5,4,8,2,8,1,2,5], 1, 0, 24, 0.00, 
[Wed Jan 16 2019 09:35:26 GMT+0100 (Central European Standard Time)] [9,7,6,3,6,0,1,3,0,9,7,4,5,4,8,2,8,1,2,5], 1, 0, 39, 0.00, 
[Wed Jan 16 2019 09:38:13 GMT+0100 (Central European Standard Time)] [9,7,6,3,6,0,1,3,0,9,7,4,5,4,8,2,8,1,2,5], 1, 0, 34, 0.00, 
[Wed Jan 16 2019 09:41:19 GMT+0100 (Central European Standard Time)] [9,7,6,3,6,0,1,3,0,9,7,4,5,4,8,2,8,1,2,5], 1, 0, 46, 0.00, 
[Wed Jan 16 2019 09:44:15 GMT+0100 (Central European Standard Time)] [9,7,6,3,6,0,1,3,0,9,7,4,5,4,8,2,8,1,2,5], 1, 0, 38, 0.00, 
[Wed Jan 16 2019 09:46:58 GMT+0100 (Central European Standard Time)] [9,7,6,3,6,0,1,3,0,9,7,4,5,4,8,2,8,1,2,5], 1, 0, 48, 0.00, 
[Wed Jan 16 2019 09:49:44 GMT+0100 (Central European Standard Time)] [9,7,6,3,6,0,1,3,0,9,7,4,5,4,8,2,8,1,2,5], 1, 0, 32, 0.00, 
[Wed Jan 16 2019 09:52:28 GMT+0100 (Central European Standard Time)] [9,7,6,3,6,0,1,3,0,9,7,4,5,4,8,2,8,1,2,5], 1, 0, 42, 0.00, 
[Wed Jan 16 2019 09:55:16 GMT+0100 (Central European Standard Time)] [9,7,6,3,6,0,1,3,0,9,7,4,5,4,8,2,8,1,2,5], 1, 0, 39, 0.00, 
[Wed Jan 16 2019 09:57:44 GMT+0100 (Central European Standard Time)] [9,7,6,3,6,0,1,3,0,9,7,4,5,4,8,2,8,1,2,5], 1, 0, 26, 0.00, 
[Wed Jan 16 2019 10:00:45 GMT+0100 (Central European Standard Time)] [9,7,6,3,6,0,1,3,0,9,7,4,5,4,8,2,8,1,2,5], 1, 0, 35, 0.00, 
[Wed Jan 16 2019 10:03:42 GMT+0100 (Central European Standard Time)] [9,7,6,3,6,0,1,3,0,9,7,4,5,4,8,2,8,1,2,5], 1, 0, 34, 0.00, 
[Wed Jan 16 2019 10:06:48 GMT+0100 (Central European Standard Time)] [9,7,6,3,6,0,1,3,0,9,7,4,5,4,8,2,8,1,2,5], 1, 0, 31, 0.00, 
[Wed Jan 16 2019 10:09:19 GMT+0100 (Central European Standard Time)] [9,7,6,3,6,0,1,3,0,9,7,4,5,4,8,2,8,1,2,5], 1, 0, 26, 0.00, 
[Wed Jan 16 2019 10:12:23 GMT+0100 (Central European Standard Time)] [9,7,6,3,6,0,1,3,0,9,7,4,5,4,8,2,8,1,2,5], 1, 0, 36, 0.00, 
[Wed Jan 16 2019 10:15:00 GMT+0100 (Central European Standard Time)] [9,7,6,3,6,0,1,3,0,9,7,4,5,4,8,2,8,1,2,5], 1, 0, 41, 0.00, 
[Wed Jan 16 2019 10:18:07 GMT+0100 (Central European Standard Time)] [9,7,6,3,6,0,1,3,0,9,7,4,5,4,8,2,8,1,2,5], 1, 0, 32, 0.00, 
[Wed Jan 16 2019 10:20:46 GMT+0100 (Central European Standard Time)] [9,7,6,3,6,0,1,3,0,9,7,4,5,4,8,2,8,1,2,5], 1, 0, 31, 0.00, 
[Wed Jan 16 2019 10:23:39 GMT+0100 (Central European Standard Time)] [9,7,6,3,6,0,1,3,0,9,7,4,5,4,8,2,8,1,2,5], 1, 0, 43, 0.00, 
[Wed Jan 16 2019 10:26:19 GMT+0100 (Central European Standard Time)] [9,7,6,3,6,0,1,3,0,9,7,4,5,4,8,2,8,1,2,5], 1, 0, 29, 0.00, 
[Wed Jan 16 2019 10:28:47 GMT+0100 (Central European Standard Time)] [9,7,6,3,6,0,1,3,0,9,7,4,5,4,8,2,8,1,2,5], 1, 0, 47, 0.00, 
[Wed Jan 16 2019 10:31:31 GMT+0100 (Central European Standard Time)] [9,7,6,3,6,0,1,3,0,9,7,4,5,4,8,2,8,1,2,5], 1, 0, 37, 0.00, 
[Wed Jan 16 2019 10:34:07 GMT+0100 (Central European Standard Time)] [9,7,6,3,6,0,1,3,0,9,7,4,5,4,8,2,8,1,2,5], 1, 0, 32, 0.00, 
[Wed Jan 16 2019 10:36:52 GMT+0100 (Central European Standard Time)] [9,7,6,3,6,0,1,3,0,9,7,4,5,4,8,2,8,1,2,5], 1, 0, 32, 0.00, 
[Wed Jan 16 2019 10:39:49 GMT+0100 (Central European Standard Time)] [9,7,6,3,6,0,1,3,0,9,7,4,5,4,8,2,8,1,2,5], 1, 0, 49, 0.00, 
[Wed Jan 16 2019 10:42:52 GMT+0100 (Central European Standard Time)] [9,7,6,3,6,0,1,3,0,9,7,4,5,4,8,2,8,1,2,5], 1, 0, 29, 0.00, 
[Wed Jan 16 2019 10:45:53 GMT+0100 (Central European Standard Time)] [9,7,6,3,6,0,1,3,0,9,7,4,5,4,8,2,8,1,2,5], 1, 0, 37, 0.00, 
[Wed Jan 16 2019 10:47:58 GMT+0100 (Central European Standard Time)] [9,7,6,3,6,0,1,3,0,9,7,4,5,4,8,2,8,1,2,5], 1, 0, 7, 0.00, 
[Wed Jan 16 2019 10:50:37 GMT+0100 (Central European Standard Time)] [9,7,6,3,6,0,1,3,0,9,7,4,5,4,8,2,8,1,2,5], 1, 0, 33, 0.00, 
[Wed Jan 16 2019 10:53:12 GMT+0100 (Central European Standard Time)] [9,7,6,3,6,0,1,3,0,9,7,4,5,4,8,2,8,1,2,5], 1, 0, 28, 0.00, 
[Wed Jan 16 2019 10:56:06 GMT+0100 (Central European Standard Time)] [9,7,6,3,6,0,1,3,0,9,7,4,5,4,8,2,8,1,2,5], 1, 0, 31, 0.00, 
[Wed Jan 16 2019 10:59:03 GMT+0100 (Central European Standard Time)] [9,7,6,3,6,0,1,3,0,9,7,4,5,4,8,2,8,1,2,5], 1, 0, 29, 0.00, 
[Wed Jan 16 2019 11:01:47 GMT+0100 (Central European Standard Time)] [9,7,6,3,6,0,1,3,0,9,7,4,5,4,8,2,8,1,2,5], 1, 0, 44, 0.00, 
[Wed Jan 16 2019 11:04:19 GMT+0100 (Central European Standard Time)] [9,7,6,3,6,0,1,3,0,9,7,4,5,4,8,2,8,1,2,5], 1, 0, 40, 0.00, 
[Wed Jan 16 2019 11:06:56 GMT+0100 (Central European Standard Time)] [9,7,6,3,6,0,1,3,0,9,7,4,5,4,8,2,8,1,2,5], 1, 0, 41, 0.00, 
[Wed Jan 16 2019 11:09:48 GMT+0100 (Central European Standard Time)] [9,7,6,3,6,0,1,3,0,9,7,4,5,4,8,2,8,1,2,5], 1, 0, 36, 0.00, 
[Wed Jan 16 2019 11:12:05 GMT+0100 (Central European Standard Time)] [9,7,6,3,6,0,1,3,0,9,7,4,5,4,8,2,8,1,2,5], 1, 0, 31, 0.00, 
[Wed Jan 16 2019 11:15:16 GMT+0100 (Central European Standard Time)] [9,7,6,3,6,0,1,3,0,9,7,4,5,4,8,2,8,1,2,5], 1, 0, 40, 0.00, 
[Wed Jan 16 2019 11:18:00 GMT+0100 (Central European Standard Time)] [9,7,6,3,6,0,1,3,0,9,7,4,5,4,8,2,8,1,2,5], 1, 0, 31, 0.00, 
[Wed Jan 16 2019 11:20:28 GMT+0100 (Central European Standard Time)] [9,7,6,3,6,0,1,3,0,9,7,4,5,4,8,2,8,1,2,5], 1, 0, 34, 0.00, 
[Wed Jan 16 2019 11:23:07 GMT+0100 (Central European Standard Time)] [9,7,6,3,6,0,1,3,0,9,7,4,5,4,8,2,8,1,2,5], 1, 0, 42, 0.00, 
[Wed Jan 16 2019 11:25:43 GMT+0100 (Central European Standard Time)] [9,7,6,3,6,0,1,3,0,9,7,4,5,4,8,2,8,1,2,5], 1, 0, 33, 0.00, 
[Wed Jan 16 2019 11:28:23 GMT+0100 (Central European Standard Time)] [9,7,6,3,6,0,1,3,0,9,7,4,5,4,8,2,8,1,2,5], 1, 0, 34, 0.00, 
[Wed Jan 16 2019 11:31:13 GMT+0100 (Central European Standard Time)] [9,7,6,3,6,0,1,3,0,9,7,4,5,4,8,2,8,1,2,5], 1, 0, 31, 0.00, 
[Wed Jan 16 2019 11:33:56 GMT+0100 (Central European Standard Time)] [9,7,6,3,6,0,1,3,0,9,7,4,5,4,8,2,8,1,2,5], 1, 0, 33, 0.00, 
[Wed Jan 16 2019 11:36:58 GMT+0100 (Central European Standard Time)] [9,7,6,3,6,0,1,3,0,9,7,4,5,4,8,2,8,1,2,5], 1, 0, 50, 0.00, 
[Wed Jan 16 2019 11:40:18 GMT+0100 (Central European Standard Time)] [9,7,6,3,6,0,1,3,0,9,7,4,5,4,8,2,8,1,2,5], 1, 0, 45, 0.00, 
[Wed Jan 16 2019 11:43:07 GMT+0100 (Central European Standard Time)] [9,7,6,3,6,0,1,3,0,9,7,4,5,4,8,2,8,1,2,5], 1, 0, 44, 0.00, 
[Wed Jan 16 2019 11:46:01 GMT+0100 (Central European Standard Time)] [9,7,6,3,6,0,1,3,0,9,7,4,5,4,8,2,8,1,2,5], 1, 0, 35, 0.00, 
[Wed Jan 16 2019 11:48:57 GMT+0100 (Central European Standard Time)] [9,7,6,3,6,0,1,3,0,9,7,4,5,4,8,2,8,1,2,5], 1, 0, 37, 0.00, 
[Wed Jan 16 2019 11:51:58 GMT+0100 (Central European Standard Time)] [9,7,6,3,6,0,1,3,0,9,7,4,5,4,8,2,8,1,2,5], 1, 0, 39, 0.00, 
[Wed Jan 16 2019 11:54:42 GMT+0100 (Central European Standard Time)] [9,7,6,3,6,0,1,3,0,9,7,4,5,4,8,2,8,1,2,5], 1, 0, 40, 0.00, 
[Wed Jan 16 2019 11:57:34 GMT+0100 (Central European Standard Time)] [9,7,6,3,6,0,1,3,0,9,7,4,5,4,8,2,8,1,2,5], 1, 0, 45, 0.00, 
[Wed Jan 16 2019 12:00:25 GMT+0100 (Central European Standard Time)] [9,7,6,3,6,0,1,3,0,9,7,4,5,4,8,2,8,1,2,5], 1, 0, 22, 0.00, 
[Wed Jan 16 2019 12:03:01 GMT+0100 (Central European Standard Time)] [9,7,6,3,6,0,1,3,0,9,7,4,5,4,8,2,8,1,2,5], 1, 0, 45, 0.00, 
[Wed Jan 16 2019 12:05:37 GMT+0100 (Central European Standard Time)] [9,7,6,3,6,0,1,3,0,9,7,4,5,4,8,2,8,1,2,5], 1, 0, 31, 0.00, 
[Wed Jan 16 2019 12:08:10 GMT+0100 (Central European Standard Time)] [9,7,6,3,6,0,1,3,0,9,7,4,5,4,8,2,8,1,2,5], 1, 0, 37, 0.00, 
[Wed Jan 16 2019 12:11:27 GMT+0100 (Central European Standard Time)] [9,7,6,3,6,0,1,3,0,9,7,4,5,4,8,2,8,1,2,5], 1, 0, 48, 0.00, 
[Wed Jan 16 2019 12:14:10 GMT+0100 (Central European Standard Time)] [9,7,6,3,6,0,1,3,0,9,7,4,5,4,8,2,8,1,2,5], 1, 0, 41, 0.00, 
[Wed Jan 16 2019 12:16:54 GMT+0100 (Central European Standard Time)] [9,7,6,3,6,0,1,3,0,9,7,4,5,4,8,2,8,1,2,5], 1, 0, 43, 0.00, 
[Wed Jan 16 2019 12:19:27 GMT+0100 (Central European Standard Time)] [9,7,6,3,6,0,1,3,0,9,7,4,5,4,8,2,8,1,2,5], 1, 0, 22, 0.00, 
[Wed Jan 16 2019 12:22:23 GMT+0100 (Central European Standard Time)] [9,7,6,3,6,0,1,3,0,9,7,4,5,4,8,2,8,1,2,5], 1, 0, 30, 0.00, 
[Wed Jan 16 2019 12:25:05 GMT+0100 (Central European Standard Time)] [9,7,6,3,6,0,1,3,0,9,7,4,5,4,8,2,8,1,2,5], 1, 0, 35, 0.00, 
[Wed Jan 16 2019 12:28:07 GMT+0100 (Central European Standard Time)] [9,7,6,3,6,0,1,3,0,9,7,4,5,4,8,2,8,1,2,5], 1, 0, 42, 0.00, 
[Wed Jan 16 2019 12:31:10 GMT+0100 (Central European Standard Time)] [9,7,6,3,6,0,1,3,0,9,7,4,5,4,8,2,8,1,2,5], 1, 0, 46, 0.00, 
[Wed Jan 16 2019 12:34:40 GMT+0100 (Central European Standard Time)] [9,7,6,3,6,0,1,3,0,9,7,4,5,4,8,2,8,1,2,5], 1, 0, 44, 0.00, 
[Wed Jan 16 2019 12:37:27 GMT+0100 (Central European Standard Time)] [9,7,6,3,6,0,1,3,0,9,7,4,5,4,8,2,8,1,2,5], 1, 0, 37, 0.00, 
[Wed Jan 16 2019 12:40:06 GMT+0100 (Central European Standard Time)] [9,7,6,3,6,0,1,3,0,9,7,4,5,4,8,2,8,1,2,5], 1, 0, 32, 0.00, 
[Wed Jan 16 2019 12:42:47 GMT+0100 (Central European Standard Time)] [9,7,6,3,6,0,1,3,0,9,7,4,5,4,8,2,8,1,2,5], 1, 0, 22, 0.00, 
[Wed Jan 16 2019 12:46:23 GMT+0100 (Central European Standard Time)] [9,7,6,3,6,0,1,3,0,9,7,4,5,4,8,2,8,1,2,5], 1, 0, 46, 0.00, 
[Wed Jan 16 2019 12:49:32 GMT+0100 (Central European Standard Time)] [9,7,6,3,6,0,1,3,0,9,7,4,5,4,8,2,8,1,2,5], 1, 0, 36, 0.00, 
[Wed Jan 16 2019 12:52:29 GMT+0100 (Central European Standard Time)] [9,7,6,3,6,0,1,3,0,9,7,4,5,4,8,2,8,1,2,5], 1, 0, 43, 0.00, 
[Wed Jan 16 2019 12:55:37 GMT+0100 (Central European Standard Time)] [9,7,6,3,6,0,1,3,0,9,7,4,5,4,8,2,8,1,2,5], 1, 0, 28, 0.00, 
[Wed Jan 16 2019 12:58:17 GMT+0100 (Central European Standard Time)] [9,7,6,3,6,0,1,3,0,9,7,4,5,4,8,2,8,1,2,5], 1, 0, 31, 0.00, 
[Wed Jan 16 2019 13:01:00 GMT+0100 (Central European Standard Time)] [9,7,6,3,6,0,1,3,0,9,7,4,5,4,8,2,8,1,2,5], 1, 0, 45, 0.00, 
[Wed Jan 16 2019 13:03:50 GMT+0100 (Central European Standard Time)] [9,7,6,3,6,0,1,3,0,9,7,4,5,4,8,2,8,1,2,5], 1, 0, 37, 0.00, 
[Wed Jan 16 2019 13:06:42 GMT+0100 (Central European Standard Time)] [9,7,6,3,6,0,1,3,0,9,7,4,5,4,8,2,8,1,2,5], 1, 0, 48, 0.00, 
[Wed Jan 16 2019 13:09:38 GMT+0100 (Central European Standard Time)] [9,7,6,3,6,0,1,3,0,9,7,4,5,4,8,2,8,1,2,5], 1, 0, 41, 0.00, 
[Wed Jan 16 2019 13:12:30 GMT+0100 (Central European Standard Time)] [9,7,6,3,6,0,1,3,0,9,7,4,5,4,8,2,8,1,2,5], 1, 0, 42, 0.00, 
[Wed Jan 16 2019 13:14:59 GMT+0100 (Central European Standard Time)] [9,7,6,3,6,0,1,3,0,9,7,4,5,4,8,2,8,1,2,5], 1, 0, 30, 0.00, 
[Wed Jan 16 2019 13:17:49 GMT+0100 (Central European Standard Time)] [9,7,6,3,6,0,1,3,0,9,7,4,5,4,8,2,8,1,2,5], 1, 0, 36, 0.00, 
[Wed Jan 16 2019 13:20:50 GMT+0100 (Central European Standard Time)] [9,7,6,3,6,0,1,3,0,9,7,4,5,4,8,2,8,1,2,5], 1, 0, 32, 0.00, 
[Wed Jan 16 2019 13:23:25 GMT+0100 (Central European Standard Time)] [9,7,6,3,6,0,1,3,0,9,7,4,5,4,8,2,8,1,2,5], 1, 0, 35, 0.00, 
[Wed Jan 16 2019 13:26:33 GMT+0100 (Central European Standard Time)] [9,7,6,3,6,0,1,3,0,9,7,4,5,4,8,2,8,1,2,5], 1, 0, 46, 0.00, 
[Wed Jan 16 2019 13:29:02 GMT+0100 (Central European Standard Time)] [9,7,6,3,6,0,1,3,0,9,7,4,5,4,8,2,8,1,2,5], 1, 0, 36, 0.00, 
[Wed Jan 16 2019 13:32:06 GMT+0100 (Central European Standard Time)] [9,7,6,3,6,0,1,3,0,9,7,4,5,4,8,2,8,1,2,5], 1, 0, 31, 0.00, 
[Wed Jan 16 2019 13:35:32 GMT+0100 (Central European Standard Time)] [9,7,6,3,6,0,1,3,0,9,7,4,5,4,8,2,8,1,2,5], 1, 0, 47, 0.00, 
[Wed Jan 16 2019 13:38:46 GMT+0100 (Central European Standard Time)] [9,7,6,3,6,0,1,3,0,9,7,4,5,4,8,2,8,1,2,5], 1, 0, 38, 0.00, 
[Wed Jan 16 2019 13:41:38 GMT+0100 (Central European Standard Time)] [9,7,6,3,6,0,1,3,0,9,7,4,5,4,8,2,8,1,2,5], 1, 0, 32, 0.00, 
[Wed Jan 16 2019 13:44:43 GMT+0100 (Central European Standard Time)] [9,7,6,3,6,0,1,3,0,9,7,4,5,4,8,2,8,1,2,5], 1, 0, 44, 0.00, 
[Wed Jan 16 2019 13:47:38 GMT+0100 (Central European Standard Time)] [9,7,6,3,6,0,1,3,0,9,7,4,5,4,8,2,8,1,2,5], 1, 0, 44, 0.00, 
[Wed Jan 16 2019 13:50:12 GMT+0100 (Central European Standard Time)] [9,7,6,3,6,0,1,3,0,9,7,4,5,4,8,2,8,1,2,5], 1, 0, 32, 0.00, 
[Wed Jan 16 2019 13:53:10 GMT+0100 (Central European Standard Time)] [9,7,6,3,6,0,1,3,0,9,7,4,5,4,8,2,8,1,2,5], 1, 0, 35, 0.00, 
[Wed Jan 16 2019 13:56:17 GMT+0100 (Central European Standard Time)] [9,7,6,3,6,0,1,3,0,9,7,4,5,4,8,2,8,1,2,5], 1, 0, 46, 0.00, 
[Wed Jan 16 2019 13:59:09 GMT+0100 (Central European Standard Time)] [9,7,6,3,6,0,1,3,0,9,7,4,5,4,8,2,8,1,2,5], 1, 0, 44, 0.00, 
[Wed Jan 16 2019 14:01:59 GMT+0100 (Central European Standard Time)] [9,7,6,3,6,0,1,3,0,9,7,4,5,4,8,2,8,1,2,5], 1, 0, 36, 0.00, 
[Wed Jan 16 2019 14:04:26 GMT+0100 (Central European Standard Time)] [9,7,6,3,6,0,1,3,0,9,7,4,5,4,8,2,8,1,2,5], 1, 0, 30, 0.00, 
[Wed Jan 16 2019 14:07:20 GMT+0100 (Central European Standard Time)] [9,7,6,3,6,0,1,3,0,9,7,4,5,4,8,2,8,1,2,5], 1, 0, 40, 0.00, 
[Wed Jan 16 2019 14:10:37 GMT+0100 (Central European Standard Time)] [9,7,6,3,6,0,1,3,0,9,7,4,5,4,8,2,8,1,2,5], 1, 0, 38, 0.00, 
[Wed Jan 16 2019 14:13:19 GMT+0100 (Central European Standard Time)] [9,7,6,3,6,0,1,3,0,9,7,4,5,4,8,2,8,1,2,5], 1, 0, 31, 0.00, 
[Wed Jan 16 2019 14:16:15 GMT+0100 (Central European Standard Time)] [9,7,6,3,6,0,1,3,0,9,7,4,5,4,8,2,8,1,2,5], 1, 0, 40, 0.00, 
[Wed Jan 16 2019 14:19:01 GMT+0100 (Central European Standard Time)] [9,7,6,3,6,0,1,3,0,9,7,4,5,4,8,2,8,1,2,5], 1, 0, 37, 0.00, 
[Wed Jan 16 2019 14:22:00 GMT+0100 (Central European Standard Time)] [9,7,6,3,6,0,1,3,0,9,7,4,5,4,8,2,8,1,2,5], 1, 0, 42, 0.00, 
[Wed Jan 16 2019 14:24:48 GMT+0100 (Central European Standard Time)] [9,7,6,3,6,0,1,3,0,9,7,4,5,4,8,2,8,1,2,5], 1, 0, 41, 0.00, 
[Wed Jan 16 2019 14:27:50 GMT+0100 (Central European Standard Time)] [9,7,6,3,6,0,1,3,0,9,7,4,5,4,8,2,8,1,2,5], 1, 0, 30, 0.00, 
[Wed Jan 16 2019 14:30:32 GMT+0100 (Central European Standard Time)] [9,7,6,3,6,0,1,3,0,9,7,4,5,4,8,2,8,1,2,5], 1, 0, 31, 0.00, 
[Wed Jan 16 2019 14:33:34 GMT+0100 (Central European Standard Time)] [9,7,6,3,6,0,1,3,0,9,7,4,5,4,8,2,8,1,2,5], 1, 0, 42, 0.00, 
[Wed Jan 16 2019 14:36:08 GMT+0100 (Central European Standard Time)] [9,7,6,3,6,0,1,3,0,9,7,4,5,4,8,2,8,1,2,5], 1, 0, 31, 0.00, 
[Wed Jan 16 2019 14:38:49 GMT+0100 (Central European Standard Time)] [9,7,6,3,6,0,1,3,0,9,7,4,5,4,8,2,8,1,2,5], 1, 0, 17, 0.00, 
[Wed Jan 16 2019 14:41:25 GMT+0100 (Central European Standard Time)] [9,7,6,3,6,0,1,3,0,9,7,4,5,4,8,2,8,1,2,5], 1, 0, 33, 0.00, 
[Wed Jan 16 2019 14:44:02 GMT+0100 (Central European Standard Time)] [9,7,6,3,6,0,1,3,0,9,7,4,5,4,8,2,8,1,2,5], 1, 0, 31, 0.00, 
[Wed Jan 16 2019 14:47:06 GMT+0100 (Central European Standard Time)] [9,7,6,3,6,0,1,3,0,9,7,4,5,4,8,2,8,1,2,5], 1, 0, 45, 0.00, 
[Wed Jan 16 2019 14:49:50 GMT+0100 (Central European Standard Time)] [9,7,6,3,6,0,1,3,0,9,7,4,5,4,8,2,8,1,2,5], 1, 0, 40, 0.00, 
[Wed Jan 16 2019 14:52:47 GMT+0100 (Central European Standard Time)] [9,7,6,3,6,0,1,3,0,9,7,4,5,4,8,2,8,1,2,5], 1, 0, 46, 0.00, 
[Wed Jan 16 2019 14:55:33 GMT+0100 (Central European Standard Time)] [9,7,6,3,6,0,1,3,0,9,7,4,5,4,8,2,8,1,2,5], 1, 0, 37, 0.00, 
[Wed Jan 16 2019 14:58:16 GMT+0100 (Central European Standard Time)] [9,7,6,3,6,0,1,3,0,9,7,4,5,4,8,2,8,1,2,5], 1, 0, 35, 0.00, 
[Wed Jan 16 2019 15:01:06 GMT+0100 (Central European Standard Time)] [9,7,6,3,6,0,1,3,0,9,7,4,5,4,8,2,8,1,2,5], 1, 0, 41, 0.00, 
[Wed Jan 16 2019 15:04:19 GMT+0100 (Central European Standard Time)] [9,7,6,3,6,0,1,3,0,9,7,4,5,4,8,2,8,1,2,5], 1, 0, 42, 0.00, 
[Wed Jan 16 2019 15:07:45 GMT+0100 (Central European Standard Time)] [9,7,6,3,6,0,1,3,0,9,7,4,5,4,8,2,8,1,2,5], 1, 0, 41, 0.00, 
[Wed Jan 16 2019 15:10:59 GMT+0100 (Central European Standard Time)] [9,7,6,3,6,0,1,3,0,9,7,4,5,4,8,2,8,1,2,5], 1, 0, 36, 0.00, 
[Wed Jan 16 2019 15:13:41 GMT+0100 (Central European Standard Time)] [9,7,6,3,6,0,1,3,0,9,7,4,5,4,8,2,8,1,2,5], 1, 0, 36, 0.00, 
[Wed Jan 16 2019 15:16:12 GMT+0100 (Central European Standard Time)] [9,7,6,3,6,0,1,3,0,9,7,4,5,4,8,2,8,1,2,5], 1, 0, 37, 0.00, 
[Wed Jan 16 2019 15:19:02 GMT+0100 (Central European Standard Time)] [9,7,6,3,6,0,1,3,0,9,7,4,5,4,8,2,8,1,2,5], 1, 0, 43, 0.00, 
[Wed Jan 16 2019 15:21:49 GMT+0100 (Central European Standard Time)] [9,7,6,3,6,0,1,3,0,9,7,4,5,4,8,2,8,1,2,5], 1, 0, 44, 0.00, 
[Wed Jan 16 2019 15:24:38 GMT+0100 (Central European Standard Time)] [9,7,6,3,6,0,1,3,0,9,7,4,5,4,8,2,8,1,2,5], 1, 0, 47, 0.00, 
[Wed Jan 16 2019 15:27:26 GMT+0100 (Central European Standard Time)] [9,7,6,3,6,0,1,3,0,9,7,4,5,4,8,2,8,1,2,5], 1, 0, 43, 0.00, 
[Wed Jan 16 2019 15:30:23 GMT+0100 (Central European Standard Time)] [9,7,6,3,6,0,1,3,0,9,7,4,5,4,8,2,8,1,2,5], 1, 0, 40, 0.00, 
[Wed Jan 16 2019 15:33:00 GMT+0100 (Central European Standard Time)] [9,7,6,3,6,0,1,3,0,9,7,4,5,4,8,2,8,1,2,5], 1, 0, 28, 0.00, 
[Wed Jan 16 2019 15:35:42 GMT+0100 (Central European Standard Time)] [9,7,6,3,6,0,1,3,0,9,7,4,5,4,8,2,8,1,2,5], 1, 0, 31, 0.00, 
[Wed Jan 16 2019 15:38:23 GMT+0100 (Central European Standard Time)] [9,7,6,3,6,0,1,3,0,9,7,4,5,4,8,2,8,1,2,5], 1, 0, 44, 0.00, 
[Wed Jan 16 2019 15:41:04 GMT+0100 (Central European Standard Time)] [9,7,6,3,6,0,1,3,0,9,7,4,5,4,8,2,8,1,2,5], 1, 0, 33, 0.00, 
[Wed Jan 16 2019 15:43:57 GMT+0100 (Central European Standard Time)] [9,7,6,3,6,0,1,3,0,9,7,4,5,4,8,2,8,1,2,5], 1, 0, 28, 0.00, 
[Wed Jan 16 2019 15:47:13 GMT+0100 (Central European Standard Time)] [9,7,6,3,6,0,1,3,0,9,7,4,5,4,8,2,8,1,2,5], 1, 0, 38, 0.00, 
[Wed Jan 16 2019 15:50:08 GMT+0100 (Central European Standard Time)] [9,7,6,3,6,0,1,3,0,9,7,4,5,4,8,2,8,1,2,5], 1, 0, 39, 0.00, 
[Wed Jan 16 2019 15:53:01 GMT+0100 (Central European Standard Time)] [9,7,6,3,6,0,1,3,0,9,7,4,5,4,8,2,8,1,2,5], 1, 0, 39, 0.00, 
[Wed Jan 16 2019 15:55:52 GMT+0100 (Central European Standard Time)] [9,7,6,3,6,0,1,3,0,9,7,4,5,4,8,2,8,1,2,5], 1, 0, 32, 0.00, 
[Wed Jan 16 2019 15:58:35 GMT+0100 (Central European Standard Time)] [9,7,6,3,6,0,1,3,0,9,7,4,5,4,8,2,8,1,2,5], 1, 0, 42, 0.00, 
[Wed Jan 16 2019 16:01:19 GMT+0100 (Central European Standard Time)] [9,7,6,3,6,0,1,3,0,9,7,4,5,4,8,2,8,1,2,5], 1, 0, 39, 0.00, 
[Wed Jan 16 2019 16:04:04 GMT+0100 (Central European Standard Time)] [9,7,6,3,6,0,1,3,0,9,7,4,5,4,8,2,8,1,2,5], 1, 0, 36, 0.00, 
[Wed Jan 16 2019 16:06:51 GMT+0100 (Central European Standard Time)] [9,7,6,3,6,0,1,3,0,9,7,4,5,4,8,2,8,1,2,5], 1, 0, 32, 0.00, 
[Wed Jan 16 2019 16:09:32 GMT+0100 (Central European Standard Time)] [9,7,6,3,6,0,1,3,0,9,7,4,5,4,8,2,8,1,2,5], 1, 0, 25, 0.00, 
[Wed Jan 16 2019 16:12:20 GMT+0100 (Central European Standard Time)] [9,7,6,3,6,0,1,3,0,9,7,4,5,4,8,2,8,1,2,5], 1, 0, 42, 0.00, 
[Wed Jan 16 2019 16:15:22 GMT+0100 (Central European Standard Time)] [9,7,6,3,6,0,1,3,0,9,7,4,5,4,8,2,8,1,2,5], 1, 0, 29, 0.00, 
[Wed Jan 16 2019 16:18:07 GMT+0100 (Central European Standard Time)] [9,7,6,3,6,0,1,3,0,9,7,4,5,4,8,2,8,1,2,5], 1, 0, 33, 0.00, 
[Wed Jan 16 2019 16:20:57 GMT+0100 (Central European Standard Time)] [9,7,6,3,6,0,1,3,0,9,7,4,5,4,8,2,8,1,2,5], 1, 0, 43, 0.00, 
[Wed Jan 16 2019 16:24:03 GMT+0100 (Central European Standard Time)] [9,7,6,3,6,0,1,3,0,9,7,4,5,4,8,2,8,1,2,5], 1, 0, 45, 0.00, 
[Wed Jan 16 2019 16:27:18 GMT+0100 (Central European Standard Time)] [9,7,6,3,6,0,1,3,0,9,7,4,5,4,8,2,8,1,2,5], 1, 0, 40, 0.00, 
[Wed Jan 16 2019 16:30:06 GMT+0100 (Central European Standard Time)] [9,7,6,3,6,0,1,3,0,9,7,4,5,4,8,2,8,1,2,5], 1, 0, 22, 0.00, 
[Wed Jan 16 2019 16:33:05 GMT+0100 (Central European Standard Time)] [9,7,6,3,6,0,1,3,0,9,7,4,5,4,8,2,8,1,2,5], 1, 0, 35, 0.00, 
[Wed Jan 16 2019 16:35:51 GMT+0100 (Central European Standard Time)] [9,7,6,3,6,0,1,3,0,9,7,4,5,4,8,2,8,1,2,5], 1, 0, 19, 0.00, 
[Wed Jan 16 2019 16:38:07 GMT+0100 (Central European Standard Time)] [9,7,6,3,6,0,1,3,0,9,7,4,5,4,8,2,8,1,2,5], 1, 0, 9, 0.00, 
[Wed Jan 16 2019 16:40:43 GMT+0100 (Central European Standard Time)] [9,7,6,3,6,0,1,3,0,9,7,4,5,4,8,2,8,1,2,5], 1, 0, 36, 0.00, 
[Wed Jan 16 2019 16:43:50 GMT+0100 (Central European Standard Time)] [9,7,6,3,6,0,1,3,0,9,7,4,5,4,8,2,8,1,2,5], 1, 0, 37, 0.00, 
[Wed Jan 16 2019 16:46:36 GMT+0100 (Central European Standard Time)] [9,7,6,3,6,0,1,3,0,9,7,4,5,4,8,2,8,1,2,5], 1, 0, 39, 0.00, 
[Wed Jan 16 2019 16:49:59 GMT+0100 (Central European Standard Time)] [9,7,6,3,6,0,1,3,0,9,7,4,5,4,8,2,8,1,2,5], 1, 0, 36, 0.00, 
[Wed Jan 16 2019 16:53:06 GMT+0100 (Central European Standard Time)] [9,7,6,3,6,0,1,3,0,9,7,4,5,4,8,2,8,1,2,5], 1, 0, 52, 0.00, 
[Wed Jan 16 2019 16:55:55 GMT+0100 (Central European Standard Time)] [9,7,6,3,6,0,1,3,0,9,7,4,5,4,8,2,8,1,2,5], 1, 0, 30, 0.00, 
[Wed Jan 16 2019 16:58:36 GMT+0100 (Central European Standard Time)] [9,7,6,3,6,0,1,3,0,9,7,4,5,4,8,2,8,1,2,5], 1, 0, 20, 0.00, 
[Wed Jan 16 2019 17:01:29 GMT+0100 (Central European Standard Time)] [9,7,6,3,6,0,1,3,0,9,7,4,5,4,8,2,8,1,2,5], 1, 0, 41, 0.00, 
[Wed Jan 16 2019 17:03:56 GMT+0100 (Central European Standard Time)] [9,7,6,3,6,0,1,3,0,9,7,4,5,4,8,2,8,1,2,5], 1, 0, 33, 0.00, 
[Wed Jan 16 2019 17:06:58 GMT+0100 (Central European Standard Time)] [9,7,6,3,6,0,1,3,0,9,7,4,5,4,8,2,8,1,2,5], 1, 0, 37, 0.00, 
[Wed Jan 16 2019 17:09:44 GMT+0100 (Central European Standard Time)] [9,7,6,3,6,0,1,3,0,9,7,4,5,4,8,2,8,1,2,5], 1, 0, 52, 0.00, 
[Wed Jan 16 2019 17:12:24 GMT+0100 (Central European Standard Time)] [9,7,6,3,6,0,1,3,0,9,7,4,5,4,8,2,8,1,2,5], 1, 0, 40, 0.00, 
[Wed Jan 16 2019 17:15:19 GMT+0100 (Central European Standard Time)] [9,7,6,3,6,0,1,3,0,9,7,4,5,4,8,2,8,1,2,5], 1, 0, 41, 0.00, 
[Wed Jan 16 2019 17:17:59 GMT+0100 (Central European Standard Time)] [9,7,6,3,6,0,1,3,0,9,7,4,5,4,8,2,8,1,2,5], 1, 0, 34, 0.00, 
[Wed Jan 16 2019 17:20:59 GMT+0100 (Central European Standard Time)] [9,7,6,3,6,0,1,3,0,9,7,4,5,4,8,2,8,1,2,5], 1, 0, 43, 0.00, 
[Wed Jan 16 2019 17:23:24 GMT+0100 (Central European Standard Time)] [9,7,6,3,6,0,1,3,0,9,7,4,5,4,8,2,8,1,2,5], 1, 0, 10, 0.00, 
[Wed Jan 16 2019 17:26:18 GMT+0100 (Central European Standard Time)] [9,7,6,3,6,0,1,3,0,9,7,4,5,4,8,2,8,1,2,5], 1, 0, 25, 0.00, 
[Wed Jan 16 2019 17:29:40 GMT+0100 (Central European Standard Time)] [9,7,6,3,6,0,1,3,0,9,7,4,5,4,8,2,8,1,2,5], 1, 0, 47, 0.00, 
[Wed Jan 16 2019 17:32:52 GMT+0100 (Central European Standard Time)] [9,7,6,3,6,0,1,3,0,9,7,4,5,4,8,2,8,1,2,5], 1, 0, 31, 0.00, 
[Wed Jan 16 2019 17:35:50 GMT+0100 (Central European Standard Time)] [9,7,6,3,6,0,1,3,0,9,7,4,5,4,8,2,8,1,2,5], 1, 0, 39, 0.00, 
[Wed Jan 16 2019 17:38:41 GMT+0100 (Central European Standard Time)] [9,7,6,3,6,0,1,3,0,9,7,4,5,4,8,2,8,1,2,5], 1, 0, 46, 0.00, 
[Wed Jan 16 2019 17:41:26 GMT+0100 (Central European Standard Time)] [9,7,6,3,6,0,1,3,0,9,7,4,5,4,8,2,8,1,2,5], 1, 0, 43, 0.00, 
[Wed Jan 16 2019 17:43:56 GMT+0100 (Central European Standard Time)] [9,7,6,3,6,0,1,3,0,9,7,4,5,4,8,2,8,1,2,5], 1, 0, 28, 0.00, 
[Wed Jan 16 2019 17:46:47 GMT+0100 (Central European Standard Time)] [9,7,6,3,6,0,1,3,0,9,7,4,5,4,8,2,8,1,2,5], 1, 0, 34, 0.00, 
[Wed Jan 16 2019 17:49:57 GMT+0100 (Central European Standard Time)] [9,7,6,3,6,0,1,3,0,9,7,4,5,4,8,2,8,1,2,5], 1, 0, 46, 0.00, 
[Wed Jan 16 2019 17:52:42 GMT+0100 (Central European Standard Time)] [9,7,6,3,6,0,1,3,0,9,7,4,5,4,8,2,8,1,2,5], 1, 0, 47, 0.00, 
[Wed Jan 16 2019 17:55:25 GMT+0100 (Central European Standard Time)] [9,7,6,3,6,0,1,3,0,9,7,4,5,4,8,2,8,1,2,5], 1, 0, 42, 0.00, 
[Wed Jan 16 2019 17:57:54 GMT+0100 (Central European Standard Time)] [9,7,6,3,6,0,1,3,0,9,7,4,5,4,8,2,8,1,2,5], 1, 0, 37, 0.00, 
[Wed Jan 16 2019 18:01:18 GMT+0100 (Central European Standard Time)] [9,7,6,3,6,0,1,3,0,9,7,4,5,4,8,2,8,1,2,5], 1, 0, 41, 0.00, 
[Wed Jan 16 2019 18:04:06 GMT+0100 (Central European Standard Time)] [9,7,6,3,6,0,1,3,0,9,7,4,5,4,8,2,8,1,2,5], 1, 0, 35, 0.00, 
[Wed Jan 16 2019 18:07:02 GMT+0100 (Central European Standard Time)] [9,7,6,3,6,0,1,3,0,9,7,4,5,4,8,2,8,1,2,5], 1, 0, 35, 0.00, 
[Wed Jan 16 2019 18:10:13 GMT+0100 (Central European Standard Time)] [9,7,6,3,6,0,1,3,0,9,7,4,5,4,8,2,8,1,2,5], 1, 0, 45, 0.00, 
[Wed Jan 16 2019 18:13:45 GMT+0100 (Central European Standard Time)] [9,7,6,3,6,0,1,3,0,9,7,4,5,4,8,2,8,1,2,5], 1, 0, 44, 0.00, 
[Wed Jan 16 2019 18:16:41 GMT+0100 (Central European Standard Time)] [9,7,6,3,6,0,1,3,0,9,7,4,5,4,8,2,8,1,2,5], 1, 0, 36, 0.00, 
[Wed Jan 16 2019 18:19:27 GMT+0100 (Central European Standard Time)] [9,7,6,3,6,0,1,3,0,9,7,4,5,4,8,2,8,1,2,5], 1, 0, 32, 0.00, 
[Wed Jan 16 2019 18:22:23 GMT+0100 (Central European Standard Time)] [9,7,6,3,6,0,1,3,0,9,7,4,5,4,8,2,8,1,2,5], 1, 0, 41, 0.00, 
[Wed Jan 16 2019 18:25:18 GMT+0100 (Central European Standard Time)] [9,7,6,3,6,0,1,3,0,9,7,4,5,4,8,2,8,1,2,5], 1, 0, 35, 0.00, 
[Wed Jan 16 2019 18:28:00 GMT+0100 (Central European Standard Time)] [9,7,6,3,6,0,1,3,0,9,7,4,5,4,8,2,8,1,2,5], 1, 0, 38, 0.00, 
[Wed Jan 16 2019 18:30:52 GMT+0100 (Central European Standard Time)] [9,7,6,3,6,0,1,3,0,9,7,4,5,4,8,2,8,1,2,5], 1, 0, 41, 0.00, 
[Wed Jan 16 2019 18:33:34 GMT+0100 (Central European Standard Time)] [9,7,6,3,6,0,1,3,0,9,7,4,5,4,8,2,8,1,2,5], 1, 0, 36, 0.00, 
[Wed Jan 16 2019 18:36:17 GMT+0100 (Central European Standard Time)] [9,7,6,3,6,0,1,3,0,9,7,4,5,4,8,2,8,1,2,5], 1, 0, 30, 0.00, 
[Wed Jan 16 2019 18:39:04 GMT+0100 (Central European Standard Time)] [9,7,6,3,6,0,1,3,0,9,7,4,5,4,8,2,8,1,2,5], 1, 0, 44, 0.00, 
[Wed Jan 16 2019 18:42:00 GMT+0100 (Central European Standard Time)] [9,7,6,3,6,0,1,3,0,9,7,4,5,4,8,2,8,1,2,5], 1, 0, 48, 0.00, 
[Wed Jan 16 2019 18:44:45 GMT+0100 (Central European Standard Time)] [9,7,6,3,6,0,1,3,0,9,7,4,5,4,8,2,8,1,2,5], 1, 0, 37, 0.00, 
[Wed Jan 16 2019 18:47:37 GMT+0100 (Central European Standard Time)] [9,7,6,3,6,0,1,3,0,9,7,4,5,4,8,2,8,1,2,5], 1, 0, 32, 0.00, 
[Wed Jan 16 2019 18:50:24 GMT+0100 (Central European Standard Time)] [9,7,6,3,6,0,1,3,0,9,7,4,5,4,8,2,8,1,2,5], 1, 0, 38, 0.00, 
[Wed Jan 16 2019 18:52:28 GMT+0100 (Central European Standard Time)] [9,7,6,3,6,0,1,3,0,9,7,4,5,4,8,2,8,1,2,5], 1, 0, 7, 0.00, 
[Wed Jan 16 2019 18:54:55 GMT+0100 (Central European Standard Time)] [9,7,6,3,6,0,1,3,0,9,7,4,5,4,8,2,8,1,2,5], 1, 0, 30, 0.00, 
[Wed Jan 16 2019 18:57:57 GMT+0100 (Central European Standard Time)] [9,7,6,3,6,0,1,3,0,9,7,4,5,4,8,2,8,1,2,5], 1, 0, 37, 0.00, 
[Wed Jan 16 2019 19:00:47 GMT+0100 (Central European Standard Time)] [9,7,6,3,6,0,1,3,0,9,7,4,5,4,8,2,8,1,2,5], 1, 0, 29, 0.00, 
[Wed Jan 16 2019 19:03:33 GMT+0100 (Central European Standard Time)] [9,7,6,3,6,0,1,3,0,9,7,4,5,4,8,2,8,1,2,5], 1, 0, 39, 0.00, 
[Wed Jan 16 2019 19:05:59 GMT+0100 (Central European Standard Time)] [9,7,6,3,6,0,1,3,0,9,7,4,5,4,8,2,8,1,2,5], 1, 0, 28, 0.00, 
[Wed Jan 16 2019 19:08:24 GMT+0100 (Central European Standard Time)] [9,7,6,3,6,0,1,3,0,9,7,4,5,4,8,2,8,1,2,5], 1, 0, 22, 0.00, 
[Wed Jan 16 2019 19:10:53 GMT+0100 (Central European Standard Time)] [9,7,6,3,6,0,1,3,0,9,7,4,5,4,8,2,8,1,2,5], 1, 0, 34, 0.00, 
[Wed Jan 16 2019 19:13:45 GMT+0100 (Central European Standard Time)] [9,7,6,3,6,0,1,3,0,9,7,4,5,4,8,2,8,1,2,5], 1, 0, 44, 0.00, 
[Wed Jan 16 2019 19:16:07 GMT+0100 (Central European Standard Time)] [9,7,6,3,6,0,1,3,0,9,7,4,5,4,8,2,8,1,2,5], 1, 0, 30, 0.00, 
[Wed Jan 16 2019 19:18:31 GMT+0100 (Central European Standard Time)] [9,7,6,3,6,0,1,3,0,9,7,4,5,4,8,2,8,1,2,5], 1, 0, 27, 0.00, 
[Wed Jan 16 2019 19:21:14 GMT+0100 (Central European Standard Time)] [9,7,6,3,6,0,1,3,0,9,7,4,5,4,8,2,8,1,2,5], 1, 0, 35, 0.00, 
[Thu Jan 17 2019 22:19:37 GMT+0100 (Central European Standard Time)] [9,7,6,3,6,0,1,3,0,9,7,4,5,4,8,2,8,1,2,5], 1, 0, 40, 0.00, 
[Thu Jan 17 2019 22:22:11 GMT+0100 (Central European Standard Time)] [9,7,6,3,6,0,1,3,0,9,7,4,5,4,8,2,8,1,2,5], 1, 0, 44, 0.00, 
[Thu Jan 17 2019 22:24:46 GMT+0100 (Central European Standard Time)] [9,7,6,3,6,0,1,3,0,9,7,4,5,4,8,2,8,1,2,5], 1, 0, 45, 0.00, 
[Thu Jan 17 2019 22:27:45 GMT+0100 (Central European Standard Time)] [9,7,6,3,6,0,1,3,0,9,7,4,5,4,8,2,8,1,2,5], 1, 0, 46, 0.00, 
[Thu Jan 17 2019 22:30:53 GMT+0100 (Central European Standard Time)] [9,7,6,3,6,0,1,3,0,9,7,4,5,4,8,2,8,1,2,5], 1, 0, 58, 0.00, 
[Thu Jan 17 2019 22:34:39 GMT+0100 (Central European Standard Time)] [9,7,6,3,6,0,1,3,0,9,7,4,5,4,8,2,8,1,2,5], 1, 0, 57, 0.00, 
[Thu Jan 17 2019 22:37:39 GMT+0100 (Central European Standard Time)] [9,7,6,3,6,0,1,3,0,9,7,4,5,4,8,2,8,1,2,5], 1, 0, 36, 0.00, 
[Thu Jan 17 2019 22:40:50 GMT+0100 (Central European Standard Time)] [9,7,6,3,6,0,1,3,0,9,7,4,5,4,8,2,8,1,2,5], 1, 0, 37, 0.00, 
[Thu Jan 17 2019 22:43:49 GMT+0100 (Central European Standard Time)] [9,7,6,3,6,0,1,3,0,9,7,4,5,4,8,2,8,1,2,5], 1, 0, 35, 0.00, 
[Thu Jan 17 2019 22:46:53 GMT+0100 (Central European Standard Time)] [9,7,6,3,6,0,1,3,0,9,7,4,5,4,8,2,8,1,2,5], 1, 0, 38, 0.00, 
[Thu Jan 17 2019 22:49:41 GMT+0100 (Central European Standard Time)] [9,7,6,3,6,0,1,3,0,9,7,4,5,4,8,2,8,1,2,5], 1, 0, 31, 0.00, 
[Thu Jan 17 2019 22:52:05 GMT+0100 (Central European Standard Time)] [9,7,6,3,6,0,1,3,0,9,7,4,5,4,8,2,8,1,2,5], 1, 0, 30, 0.00, 
[Thu Jan 17 2019 22:54:40 GMT+0100 (Central European Standard Time)] [9,7,6,3,6,0,1,3,0,9,7,4,5,4,8,2,8,1,2,5], 1, 0, 29, 0.00, 
[Thu Jan 17 2019 22:57:14 GMT+0100 (Central European Standard Time)] [9,7,6,3,6,0,1,3,0,9,7,4,5,4,8,2,8,1,2,5], 1, 0, 53, 0.00, 
[Thu Jan 17 2019 23:00:08 GMT+0100 (Central European Standard Time)] [9,7,6,3,6,0,1,3,0,9,7,4,5,4,8,2,8,1,2,5], 1, 0, 44, 0.00, 
[Thu Jan 17 2019 23:02:58 GMT+0100 (Central European Standard Time)] [9,7,6,3,6,0,1,3,0,9,7,4,5,4,8,2,8,1,2,5], 1, 0, 31, 0.00, 
[Thu Jan 17 2019 23:05:55 GMT+0100 (Central European Standard Time)] [9,7,6,3,6,0,1,3,0,9,7,4,5,4,8,2,8,1,2,5], 1, 0, 47, 0.00, 
[Thu Jan 17 2019 23:08:57 GMT+0100 (Central European Standard Time)] [9,7,6,3,6,0,1,3,0,9,7,4,5,4,8,2,8,1,2,5], 1, 0, 31, 0.00, 
[Thu Jan 17 2019 23:12:13 GMT+0100 (Central European Standard Time)] [9,7,6,3,6,0,1,3,0,9,7,4,5,4,8,2,8,1,2,5], 1, 0, 43, 0.00, 
[Thu Jan 17 2019 23:15:31 GMT+0100 (Central European Standard Time)] [9,7,6,3,6,0,1,3,0,9,7,4,5,4,8,2,8,1,2,5], 1, 0, 48, 0.00, 
[Fri Jan 18 2019 01:06:21 GMT+0100 (Central European Standard Time)] [9,7,6,3,6,0,1,3,0,9,7,4,5,4,8,2,8,1,2,5], 1, 0, 46, 0.00, 
[Fri Jan 18 2019 01:45:47 GMT+0100 (Central European Standard Time)] [9,7,6,3,6,0,1,3,0,9,7,4,5,4,8,2,8,1,2,5], 1, 0, 36, 0.00, 
[Fri Jan 18 2019 03:40:31 GMT+0100 (Central European Standard Time)] [9,7,6,3,6,0,1,3,0,9,7,4,5,4,8,2,8,1,2,5], 1, 0, 39, 0.00, 
[Fri Jan 18 2019 05:34:03 GMT+0100 (Central European Standard Time)] [9,7,6,3,6,0,1,3,0,9,7,4,5,4,8,2,8,1,2,5], 1, 0, 48, 0.00, 
[Fri Jan 18 2019 06:51:04 GMT+0100 (Central European Standard Time)] [9,7,6,3,6,0,1,3,0,9,7,4,5,4,8,2,8,1,2,5], 1, 0, 39, 0.00, 
[Fri Jan 18 2019 08:59:03 GMT+0100 (Central European Standard Time)] [9,7,6,3,6,0,1,3,0,9,7,4,5,4,8,2,8,1,2,5], 1, 0, 40, 0.00, 
[Fri Jan 18 2019 09:02:06 GMT+0100 (Central European Standard Time)] [9,7,6,3,6,0,1,3,0,9,7,4,5,4,8,2,8,1,2,5], 1, 0, 40, 0.00, 
[Fri Jan 18 2019 09:05:17 GMT+0100 (Central European Standard Time)] [9,7,6,3,6,0,1,3,0,9,7,4,5,4,8,2,8,1,2,5], 1, 0, 42, 0.00, 
[Fri Jan 18 2019 09:08:20 GMT+0100 (Central European Standard Time)] [9,7,6,3,6,0,1,3,0,9,7,4,5,4,8,2,8,1,2,5], 1, 0, 41, 0.00, 
[Fri Jan 18 2019 09:11:43 GMT+0100 (Central European Standard Time)] [9,7,6,3,6,0,1,3,0,9,7,4,5,4,8,2,8,1,2,5], 1, 0, 46, 0.00, 
[Fri Jan 18 2019 09:14:38 GMT+0100 (Central European Standard Time)] [9,7,6,3,6,0,1,3,0,9,7,4,5,4,8,2,8,1,2,5], 1, 0, 42, 0.00, 
[Fri Jan 18 2019 09:17:17 GMT+0100 (Central European Standard Time)] [9,7,6,3,6,0,1,3,0,9,7,4,5,4,8,2,8,1,2,5], 1, 0, 27, 0.00, 
[Fri Jan 18 2019 09:20:26 GMT+0100 (Central European Standard Time)] [9,7,6,3,6,0,1,3,0,9,7,4,5,4,8,2,8,1,2,5], 1, 0, 42, 0.00, 
[Fri Jan 18 2019 09:23:08 GMT+0100 (Central European Standard Time)] [9,7,6,3,6,0,1,3,0,9,7,4,5,4,8,2,8,1,2,5], 1, 0, 44, 0.00, 
[Fri Jan 18 2019 09:25:58 GMT+0100 (Central European Standard Time)] [9,7,6,3,6,0,1,3,0,9,7,4,5,4,8,2,8,1,2,5], 1, 0, 32, 0.00, 
[Fri Jan 18 2019 09:29:04 GMT+0100 (Central European Standard Time)] [9,7,6,3,6,0,1,3,0,9,7,4,5,4,8,2,8,1,2,5], 1, 0, 43, 0.00, 
[Fri Jan 18 2019 09:32:21 GMT+0100 (Central European Standard Time)] [9,7,6,3,6,0,1,3,0,9,7,4,5,4,8,2,8,1,2,5], 1, 0, 43, 0.00, 
[Fri Jan 18 2019 09:35:37 GMT+0100 (Central European Standard Time)] [9,7,6,3,6,0,1,3,0,9,7,4,5,4,8,2,8,1,2,5], 1, 0, 39, 0.00, 
[Fri Jan 18 2019 09:38:29 GMT+0100 (Central European Standard Time)] [9,7,6,3,6,0,1,3,0,9,7,4,5,4,8,2,8,1,2,5], 1, 0, 35, 0.00, 
[Fri Jan 18 2019 09:41:36 GMT+0100 (Central European Standard Time)] [9,7,6,3,6,0,1,3,0,9,7,4,5,4,8,2,8,1,2,5], 1, 0, 44, 0.00, 
[Fri Jan 18 2019 09:44:32 GMT+0100 (Central European Standard Time)] [9,7,6,3,6,0,1,3,0,9,7,4,5,4,8,2,8,1,2,5], 1, 0, 49, 0.00, 
[Fri Jan 18 2019 09:47:25 GMT+0100 (Central European Standard Time)] [9,7,6,3,6,0,1,3,0,9,7,4,5,4,8,2,8,1,2,5], 1, 0, 46, 0.00, 
[Fri Jan 18 2019 09:50:16 GMT+0100 (Central European Standard Time)] [9,7,6,3,6,0,1,3,0,9,7,4,5,4,8,2,8,1,2,5], 1, 0, 42, 0.00, 
[Fri Jan 18 2019 09:53:01 GMT+0100 (Central European Standard Time)] [9,7,6,3,6,0,1,3,0,9,7,4,5,4,8,2,8,1,2,5], 1, 0, 31, 0.00, 
[Fri Jan 18 2019 09:56:19 GMT+0100 (Central European Standard Time)] [9,7,6,3,6,0,1,3,0,9,7,4,5,4,8,2,8,1,2,5], 1, 0, 58, 0.00, 
[Fri Jan 18 2019 09:59:17 GMT+0100 (Central European Standard Time)] [9,7,6,3,6,0,1,3,0,9,7,4,5,4,8,2,8,1,2,5], 1, 0, 36, 0.00, 
[Fri Jan 18 2019 10:02:19 GMT+0100 (Central European Standard Time)] [9,7,6,3,6,0,1,3,0,9,7,4,5,4,8,2,8,1,2,5], 1, 0, 46, 0.00, 
[Fri Jan 18 2019 10:04:36 GMT+0100 (Central European Standard Time)] [9,7,6,3,6,0,1,3,0,9,7,4,5,4,8,2,8,1,2,5], 1, 0, 33, 0.00, 
[Fri Jan 18 2019 10:07:44 GMT+0100 (Central European Standard Time)] [9,7,6,3,6,0,1,3,0,9,7,4,5,4,8,2,8,1,2,5], 1, 0, 41, 0.00, 
[Fri Jan 18 2019 10:10:42 GMT+0100 (Central European Standard Time)] [9,7,6,3,6,0,1,3,0,9,7,4,5,4,8,2,8,1,2,5], 1, 0, 46, 0.00, 
[Fri Jan 18 2019 10:13:34 GMT+0100 (Central European Standard Time)] [9,7,6,3,6,0,1,3,0,9,7,4,5,4,8,2,8,1,2,5], 1, 0, 42, 0.00, 
[Fri Jan 18 2019 10:16:17 GMT+0100 (Central European Standard Time)] [9,7,6,3,6,0,1,3,0,9,7,4,5,4,8,2,8,1,2,5], 1, 0, 32, 0.00, 
[Fri Jan 18 2019 10:19:17 GMT+0100 (Central European Standard Time)] [9,7,6,3,6,0,1,3,0,9,7,4,5,4,8,2,8,1,2,5], 1, 0, 44, 0.00, 
[Fri Jan 18 2019 10:22:05 GMT+0100 (Central European Standard Time)] [9,7,6,3,6,0,1,3,0,9,7,4,5,4,8,2,8,1,2,5], 1, 0, 39, 0.00, 
[Fri Jan 18 2019 10:25:24 GMT+0100 (Central European Standard Time)] [9,7,6,3,6,0,1,3,0,9,7,4,5,4,8,2,8,1,2,5], 1, 0, 49, 0.00, 
[Fri Jan 18 2019 10:28:29 GMT+0100 (Central European Standard Time)] [9,7,6,3,6,0,1,3,0,9,7,4,5,4,8,2,8,1,2,5], 1, 0, 36, 0.00, 
[Fri Jan 18 2019 10:31:04 GMT+0100 (Central European Standard Time)] [9,7,6,3,6,0,1,3,0,9,7,4,5,4,8,2,8,1,2,5], 1, 0, 30, 0.00, 
[Fri Jan 18 2019 10:33:30 GMT+0100 (Central European Standard Time)] [9,7,6,3,6,0,1,3,0,9,7,4,5,4,8,2,8,1,2,5], 1, 0, 34, 0.00, 
[Fri Jan 18 2019 10:35:33 GMT+0100 (Central European Standard Time)] [9,7,6,3,6,0,1,3,0,9,7,4,5,4,8,2,8,1,2,5], 1, 0, 0, 0.00, 
[Fri Jan 18 2019 10:38:34 GMT+0100 (Central European Standard Time)] [9,7,6,3,6,0,1,3,0,9,7,4,5,4,8,2,8,1,2,5], 1, 0, 41, 0.00, 
[Fri Jan 18 2019 10:41:37 GMT+0100 (Central European Standard Time)] [9,7,6,3,6,0,1,3,0,9,7,4,5,4,8,2,8,1,2,5], 1, 0, 32, 0.00, 
[Fri Jan 18 2019 10:44:17 GMT+0100 (Central European Standard Time)] [9,7,6,3,6,0,1,3,0,9,7,4,5,4,8,2,8,1,2,5], 1, 0, 45, 0.00, 
[Fri Jan 18 2019 10:47:01 GMT+0100 (Central European Standard Time)] [9,7,6,3,6,0,1,3,0,9,7,4,5,4,8,2,8,1,2,5], 1, 0, 45, 0.00, 
[Fri Jan 18 2019 10:49:56 GMT+0100 (Central European Standard Time)] [9,7,6,3,6,0,1,3,0,9,7,4,5,4,8,2,8,1,2,5], 1, 0, 36, 0.00, 
[Fri Jan 18 2019 10:52:51 GMT+0100 (Central European Standard Time)] [9,7,6,3,6,0,1,3,0,9,7,4,5,4,8,2,8,1,2,5], 1, 0, 25, 0.00, 
[Fri Jan 18 2019 10:55:25 GMT+0100 (Central European Standard Time)] [9,7,6,3,6,0,1,3,0,9,7,4,5,4,8,2,8,1,2,5], 1, 0, 45, 0.00, 
[Fri Jan 18 2019 10:58:21 GMT+0100 (Central European Standard Time)] [9,7,6,3,6,0,1,3,0,9,7,4,5,4,8,2,8,1,2,5], 1, 0, 55, 0.00, 
[Fri Jan 18 2019 11:01:27 GMT+0100 (Central European Standard Time)] [9,7,6,3,6,0,1,3,0,9,7,4,5,4,8,2,8,1,2,5], 1, 0, 34, 0.00, 
[Fri Jan 18 2019 11:04:39 GMT+0100 (Central European Standard Time)] [9,7,6,3,6,0,1,3,0,9,7,4,5,4,8,2,8,1,2,5], 1, 0, 22, 0.00, 
[Fri Jan 18 2019 11:07:24 GMT+0100 (Central European Standard Time)] [9,7,6,3,6,0,1,3,0,9,7,4,5,4,8,2,8,1,2,5], 1, 0, 44, 0.00, 
[Fri Jan 18 2019 11:10:08 GMT+0100 (Central European Standard Time)] [9,7,6,3,6,0,1,3,0,9,7,4,5,4,8,2,8,1,2,5], 1, 0, 44, 0.00, 
[Fri Jan 18 2019 11:13:00 GMT+0100 (Central European Standard Time)] [9,7,6,3,6,0,1,3,0,9,7,4,5,4,8,2,8,1,2,5], 1, 0, 34, 0.00, 
[Fri Jan 18 2019 11:16:10 GMT+0100 (Central European Standard Time)] [9,7,6,3,6,0,1,3,0,9,7,4,5,4,8,2,8,1,2,5], 1, 0, 18, 0.00, 
[Fri Jan 18 2019 11:19:33 GMT+0100 (Central European Standard Time)] [9,7,6,3,6,0,1,3,0,9,7,4,5,4,8,2,8,1,2,5], 1, 0, 46, 0.00, 
[Fri Jan 18 2019 11:22:31 GMT+0100 (Central European Standard Time)] [9,7,6,3,6,0,1,3,0,9,7,4,5,4,8,2,8,1,2,5], 1, 0, 54, 0.00, 
[Fri Jan 18 2019 11:25:15 GMT+0100 (Central European Standard Time)] [9,7,6,3,6,0,1,3,0,9,7,4,5,4,8,2,8,1,2,5], 1, 0, 25, 0.00, 
[Fri Jan 18 2019 11:28:26 GMT+0100 (Central European Standard Time)] [9,7,6,3,6,0,1,3,0,9,7,4,5,4,8,2,8,1,2,5], 1, 0, 31, 0.00, 
[Fri Jan 18 2019 11:31:35 GMT+0100 (Central European Standard Time)] [9,7,6,3,6,0,1,3,0,9,7,4,5,4,8,2,8,1,2,5], 1, 0, 37, 0.00, 
[Fri Jan 18 2019 11:34:34 GMT+0100 (Central European Standard Time)] [9,7,6,3,6,0,1,3,0,9,7,4,5,4,8,2,8,1,2,5], 1, 0, 44, 0.00, 
[Fri Jan 18 2019 11:37:25 GMT+0100 (Central European Standard Time)] [9,7,6,3,6,0,1,3,0,9,7,4,5,4,8,2,8,1,2,5], 1, 0, 33, 0.00, 
[Fri Jan 18 2019 11:40:27 GMT+0100 (Central European Standard Time)] [9,7,6,3,6,0,1,3,0,9,7,4,5,4,8,2,8,1,2,5], 1, 0, 35, 0.00, 
[Fri Jan 18 2019 11:43:56 GMT+0100 (Central European Standard Time)] [9,7,6,3,6,0,1,3,0,9,7,4,5,4,8,2,8,1,2,5], 1, 0, 33, 0.00, 
[Fri Jan 18 2019 11:46:57 GMT+0100 (Central European Standard Time)] [9,7,6,3,6,0,1,3,0,9,7,4,5,4,8,2,8,1,2,5], 1, 0, 37, 0.00, 
[Fri Jan 18 2019 11:50:03 GMT+0100 (Central European Standard Time)] [9,7,6,3,6,0,1,3,0,9,7,4,5,4,8,2,8,1,2,5], 1, 0, 55, 0.00, 
[Fri Jan 18 2019 11:52:43 GMT+0100 (Central European Standard Time)] [9,7,6,3,6,0,1,3,0,9,7,4,5,4,8,2,8,1,2,5], 1, 0, 38, 0.00, 
[Fri Jan 18 2019 11:55:57 GMT+0100 (Central European Standard Time)] [9,7,6,3,6,0,1,3,0,9,7,4,5,4,8,2,8,1,2,5], 1, 0, 34, 0.00, 
[Fri Jan 18 2019 11:59:34 GMT+0100 (Central European Standard Time)] [9,7,6,3,6,0,1,3,0,9,7,4,5,4,8,2,8,1,2,5], 1, 0, 44, 0.00, 
[Fri Jan 18 2019 12:02:40 GMT+0100 (Central European Standard Time)] [9,7,6,3,6,0,1,3,0,9,7,4,5,4,8,2,8,1,2,5], 1, 0, 42, 0.00, 
[Fri Jan 18 2019 12:05:42 GMT+0100 (Central European Standard Time)] [9,7,6,3,6,0,1,3,0,9,7,4,5,4,8,2,8,1,2,5], 1, 0, 30, 0.00, 
[Fri Jan 18 2019 12:09:09 GMT+0100 (Central European Standard Time)] [9,7,6,3,6,0,1,3,0,9,7,4,5,4,8,2,8,1,2,5], 1, 0, 37, 0.00, 
[Fri Jan 18 2019 12:12:35 GMT+0100 (Central European Standard Time)] [9,7,6,3,6,0,1,3,0,9,7,4,5,4,8,2,8,1,2,5], 1, 0, 31, 0.00, 
[Fri Jan 18 2019 12:15:48 GMT+0100 (Central European Standard Time)] [9,7,6,3,6,0,1,3,0,9,7,4,5,4,8,2,8,1,2,5], 1, 0, 29, 0.00, 
[Fri Jan 18 2019 12:19:06 GMT+0100 (Central European Standard Time)] [9,7,6,3,6,0,1,3,0,9,7,4,5,4,8,2,8,1,2,5], 1, 0, 41, 0.00, 
[Fri Jan 18 2019 12:21:44 GMT+0100 (Central European Standard Time)] [9,7,6,3,6,0,1,3,0,9,7,4,5,4,8,2,8,1,2,5], 1, 0, 41, 0.00, 
[Fri Jan 18 2019 12:25:35 GMT+0100 (Central European Standard Time)] [9,7,6,3,6,0,1,3,0,9,7,4,5,4,8,2,8,1,2,5], 1, 0, 38, 0.00, 
[Fri Jan 18 2019 12:28:29 GMT+0100 (Central European Standard Time)] [9,7,6,3,6,0,1,3,0,9,7,4,5,4,8,2,8,1,2,5], 1, 0, 42, 0.00, 
[Fri Jan 18 2019 12:31:24 GMT+0100 (Central European Standard Time)] [9,7,6,3,6,0,1,3,0,9,7,4,5,4,8,2,8,1,2,5], 1, 0, 34, 0.00, 
[Fri Jan 18 2019 12:33:58 GMT+0100 (Central European Standard Time)] [9,7,6,3,6,0,1,3,0,9,7,4,5,4,8,2,8,1,2,5], 1, 0, 33, 0.00, 
[Fri Jan 18 2019 12:36:44 GMT+0100 (Central European Standard Time)] [9,7,6,3,6,0,1,3,0,9,7,4,5,4,8,2,8,1,2,5], 1, 0, 36, 0.00, 
[Fri Jan 18 2019 12:39:26 GMT+0100 (Central European Standard Time)] [9,7,6,3,6,0,1,3,0,9,7,4,5,4,8,2,8,1,2,5], 1, 0, 36, 0.00, 
[Fri Jan 18 2019 12:42:13 GMT+0100 (Central European Standard Time)] [9,7,6,3,6,0,1,3,0,9,7,4,5,4,8,2,8,1,2,5], 1, 0, 29, 0.00, 
[Fri Jan 18 2019 12:45:06 GMT+0100 (Central European Standard Time)] [9,7,6,3,6,0,1,3,0,9,7,4,5,4,8,2,8,1,2,5], 1, 0, 42, 0.00, 
[Fri Jan 18 2019 12:47:54 GMT+0100 (Central European Standard Time)] [9,7,6,3,6,0,1,3,0,9,7,4,5,4,8,2,8,1,2,5], 1, 0, 32, 0.00, 
[Fri Jan 18 2019 12:50:54 GMT+0100 (Central European Standard Time)] [9,7,6,3,6,0,1,3,0,9,7,4,5,4,8,2,8,1,2,5], 1, 0, 43, 0.00, 
[Fri Jan 18 2019 12:53:34 GMT+0100 (Central European Standard Time)] [9,7,6,3,6,0,1,3,0,9,7,4,5,4,8,2,8,1,2,5], 1, 0, 27, 0.00, 
[Fri Jan 18 2019 12:56:20 GMT+0100 (Central European Standard Time)] [9,7,6,3,6,0,1,3,0,9,7,4,5,4,8,2,8,1,2,5], 1, 0, 39, 0.00, 
[Fri Jan 18 2019 12:59:27 GMT+0100 (Central European Standard Time)] [9,7,6,3,6,0,1,3,0,9,7,4,5,4,8,2,8,1,2,5], 1, 0, 40, 0.00, 
[Fri Jan 18 2019 13:02:37 GMT+0100 (Central European Standard Time)] [9,7,6,3,6,0,1,3,0,9,7,4,5,4,8,2,8,1,2,5], 1, 0, 37, 0.00, 
[Fri Jan 18 2019 13:05:09 GMT+0100 (Central European Standard Time)] [9,7,6,3,6,0,1,3,0,9,7,4,5,4,8,2,8,1,2,5], 1, 0, 34, 0.00, 
[Fri Jan 18 2019 13:07:54 GMT+0100 (Central European Standard Time)] [9,7,6,3,6,0,1,3,0,9,7,4,5,4,8,2,8,1,2,5], 1, 0, 35, 0.00, 
[Fri Jan 18 2019 13:11:05 GMT+0100 (Central European Standard Time)] [9,7,6,3,6,0,1,3,0,9,7,4,5,4,8,2,8,1,2,5], 1, 0, 29, 0.00, 
[Fri Jan 18 2019 13:13:52 GMT+0100 (Central European Standard Time)] [9,7,6,3,6,0,1,3,0,9,7,4,5,4,8,2,8,1,2,5], 1, 0, 41, 0.00, 
[Fri Jan 18 2019 13:16:42 GMT+0100 (Central European Standard Time)] [9,7,6,3,6,0,1,3,0,9,7,4,5,4,8,2,8,1,2,5], 1, 0, 48, 0.00, 
[Fri Jan 18 2019 13:19:22 GMT+0100 (Central European Standard Time)] [9,7,6,3,6,0,1,3,0,9,7,4,5,4,8,2,8,1,2,5], 1, 0, 43, 0.00, 
[Fri Jan 18 2019 13:22:11 GMT+0100 (Central European Standard Time)] [9,7,6,3,6,0,1,3,0,9,7,4,5,4,8,2,8,1,2,5], 1, 0, 37, 0.00, 
[Fri Jan 18 2019 13:24:40 GMT+0100 (Central European Standard Time)] [9,7,6,3,6,0,1,3,0,9,7,4,5,4,8,2,8,1,2,5], 1, 0, 33, 0.00, 
[Fri Jan 18 2019 13:27:27 GMT+0100 (Central European Standard Time)] [9,7,6,3,6,0,1,3,0,9,7,4,5,4,8,2,8,1,2,5], 1, 0, 38, 0.00, 
[Fri Jan 18 2019 13:30:11 GMT+0100 (Central European Standard Time)] [9,7,6,3,6,0,1,3,0,9,7,4,5,4,8,2,8,1,2,5], 1, 0, 40, 0.00, 
[Fri Jan 18 2019 13:33:26 GMT+0100 (Central European Standard Time)] [9,7,6,3,6,0,1,3,0,9,7,4,5,4,8,2,8,1,2,5], 1, 0, 43, 0.00, 
[Fri Jan 18 2019 13:35:58 GMT+0100 (Central European Standard Time)] [9,7,6,3,6,0,1,3,0,9,7,4,5,4,8,2,8,1,2,5], 1, 0, 28, 0.00, 
[Fri Jan 18 2019 13:38:32 GMT+0100 (Central European Standard Time)] [9,7,6,3,6,0,1,3,0,9,7,4,5,4,8,2,8,1,2,5], 1, 0, 28, 0.00, 
[Fri Jan 18 2019 13:41:38 GMT+0100 (Central European Standard Time)] [9,7,6,3,6,0,1,3,0,9,7,4,5,4,8,2,8,1,2,5], 1, 0, 36, 0.00, 
[Fri Jan 18 2019 13:44:10 GMT+0100 (Central European Standard Time)] [9,7,6,3,6,0,1,3,0,9,7,4,5,4,8,2,8,1,2,5], 1, 0, 39, 0.00, 
[Fri Jan 18 2019 13:47:06 GMT+0100 (Central European Standard Time)] [9,7,6,3,6,0,1,3,0,9,7,4,5,4,8,2,8,1,2,5], 1, 0, 43, 0.00, 
[Fri Jan 18 2019 13:49:46 GMT+0100 (Central European Standard Time)] [9,7,6,3,6,0,1,3,0,9,7,4,5,4,8,2,8,1,2,5], 1, 0, 38, 0.00, 
[Fri Jan 18 2019 13:52:33 GMT+0100 (Central European Standard Time)] [9,7,6,3,6,0,1,3,0,9,7,4,5,4,8,2,8,1,2,5], 1, 0, 38, 0.00, 
[Fri Jan 18 2019 13:55:33 GMT+0100 (Central European Standard Time)] [9,7,6,3,6,0,1,3,0,9,7,4,5,4,8,2,8,1,2,5], 1, 0, 44, 0.00, 
[Fri Jan 18 2019 13:58:55 GMT+0100 (Central European Standard Time)] [9,7,6,3,6,0,1,3,0,9,7,4,5,4,8,2,8,1,2,5], 1, 0, 35, 0.00, 
[Fri Jan 18 2019 14:01:41 GMT+0100 (Central European Standard Time)] [9,7,6,3,6,0,1,3,0,9,7,4,5,4,8,2,8,1,2,5], 1, 0, 42, 0.00, 
[Fri Jan 18 2019 14:04:45 GMT+0100 (Central European Standard Time)] [9,7,6,3,6,0,1,3,0,9,7,4,5,4,8,2,8,1,2,5], 1, 0, 33, 0.00, 
[Fri Jan 18 2019 14:07:39 GMT+0100 (Central European Standard Time)] [9,7,6,3,6,0,1,3,0,9,7,4,5,4,8,2,8,1,2,5], 1, 0, 40, 0.00, 
[Fri Jan 18 2019 14:10:16 GMT+0100 (Central European Standard Time)] [9,7,6,3,6,0,1,3,0,9,7,4,5,4,8,2,8,1,2,5], 1, 0, 24, 0.00, 
[Fri Jan 18 2019 14:13:32 GMT+0100 (Central European Standard Time)] [9,7,6,3,6,0,1,3,0,9,7,4,5,4,8,2,8,1,2,5], 1, 0, 36, 0.00, 
[Fri Jan 18 2019 14:17:17 GMT+0100 (Central European Standard Time)] [9,7,6,3,6,0,1,3,0,9,7,4,5,4,8,2,8,1,2,5], 1, 0, 40, 0.00, 
[Fri Jan 18 2019 14:20:36 GMT+0100 (Central European Standard Time)] [9,7,6,3,6,0,1,3,0,9,7,4,5,4,8,2,8,1,2,5], 1, 0, 54, 0.00, 
[Fri Jan 18 2019 14:23:30 GMT+0100 (Central European Standard Time)] [9,7,6,3,6,0,1,3,0,9,7,4,5,4,8,2,8,1,2,5], 1, 0, 26, 0.00, 
[Fri Jan 18 2019 14:27:12 GMT+0100 (Central European Standard Time)] [9,7,6,3,6,0,1,3,0,9,7,4,5,4,8,2,8,1,2,5], 1, 0, 39, 0.00, 
[Fri Jan 18 2019 14:30:55 GMT+0100 (Central European Standard Time)] [9,7,6,3,6,0,1,3,0,9,7,4,5,4,8,2,8,1,2,5], 1, 0, 33, 0.00, 
[Fri Jan 18 2019 14:33:57 GMT+0100 (Central European Standard Time)] [9,7,6,3,6,0,1,3,0,9,7,4,5,4,8,2,8,1,2,5], 1, 0, 39, 0.00, 
[Fri Jan 18 2019 14:36:47 GMT+0100 (Central European Standard Time)] [9,7,6,3,6,0,1,3,0,9,7,4,5,4,8,2,8,1,2,5], 1, 0, 42, 0.00, 
[Fri Jan 18 2019 14:39:59 GMT+0100 (Central European Standard Time)] [9,7,6,3,6,0,1,3,0,9,7,4,5,4,8,2,8,1,2,5], 1, 0, 34, 0.00, 
[Fri Jan 18 2019 14:42:42 GMT+0100 (Central European Standard Time)] [9,7,6,3,6,0,1,3,0,9,7,4,5,4,8,2,8,1,2,5], 1, 0, 42, 0.00, 
[Fri Jan 18 2019 14:45:31 GMT+0100 (Central European Standard Time)] [9,7,6,3,6,0,1,3,0,9,7,4,5,4,8,2,8,1,2,5], 1, 0, 40, 0.00, 
[Fri Jan 18 2019 14:49:07 GMT+0100 (Central European Standard Time)] [9,7,6,3,6,0,1,3,0,9,7,4,5,4,8,2,8,1,2,5], 1, 0, 33, 0.00, 
[Fri Jan 18 2019 14:51:45 GMT+0100 (Central European Standard Time)] [9,7,6,3,6,0,1,3,0,9,7,4,5,4,8,2,8,1,2,5], 1, 0, 34, 0.00, 
[Fri Jan 18 2019 14:54:27 GMT+0100 (Central European Standard Time)] [9,7,6,3,6,0,1,3,0,9,7,4,5,4,8,2,8,1,2,5], 1, 0, 36, 0.00, 
[Fri Jan 18 2019 14:57:20 GMT+0100 (Central European Standard Time)] [9,7,6,3,6,0,1,3,0,9,7,4,5,4,8,2,8,1,2,5], 1, 0, 26, 0.00, 
[Fri Jan 18 2019 15:00:51 GMT+0100 (Central European Standard Time)] [9,7,6,3,6,0,1,3,0,9,7,4,5,4,8,2,8,1,2,5], 1, 0, 39, 0.00, 
[Fri Jan 18 2019 15:03:49 GMT+0100 (Central European Standard Time)] [9,7,6,3,6,0,1,3,0,9,7,4,5,4,8,2,8,1,2,5], 1, 0, 35, 0.00, 
[Fri Jan 18 2019 15:06:53 GMT+0100 (Central European Standard Time)] [9,7,6,3,6,0,1,3,0,9,7,4,5,4,8,2,8,1,2,5], 1, 0, 43, 0.00, 
[Fri Jan 18 2019 15:09:48 GMT+0100 (Central European Standard Time)] [9,7,6,3,6,0,1,3,0,9,7,4,5,4,8,2,8,1,2,5], 1, 0, 44, 0.00, 
[Fri Jan 18 2019 15:12:36 GMT+0100 (Central European Standard Time)] [9,7,6,3,6,0,1,3,0,9,7,4,5,4,8,2,8,1,2,5], 1, 0, 20, 0.00, 
[Fri Jan 18 2019 15:15:39 GMT+0100 (Central European Standard Time)] [9,7,6,3,6,0,1,3,0,9,7,4,5,4,8,2,8,1,2,5], 1, 0, 37, 0.00, 
[Fri Jan 18 2019 15:18:28 GMT+0100 (Central European Standard Time)] [9,7,6,3,6,0,1,3,0,9,7,4,5,4,8,2,8,1,2,5], 1, 0, 43, 0.00, 
[Fri Jan 18 2019 15:21:24 GMT+0100 (Central European Standard Time)] [9,7,6,3,6,0,1,3,0,9,7,4,5,4,8,2,8,1,2,5], 1, 0, 27, 0.00, 
[Fri Jan 18 2019 15:24:51 GMT+0100 (Central European Standard Time)] [9,7,6,3,6,0,1,3,0,9,7,4,5,4,8,2,8,1,2,5], 1, 0, 38, 0.00, 
[Fri Jan 18 2019 15:27:44 GMT+0100 (Central European Standard Time)] [9,7,6,3,6,0,1,3,0,9,7,4,5,4,8,2,8,1,2,5], 1, 0, 34, 0.00, 
[Fri Jan 18 2019 15:31:06 GMT+0100 (Central European Standard Time)] [9,7,6,3,6,0,1,3,0,9,7,4,5,4,8,2,8,1,2,5], 1, 0, 48, 0.00, 
[Fri Jan 18 2019 15:34:27 GMT+0100 (Central European Standard Time)] [9,7,6,3,6,0,1,3,0,9,7,4,5,4,8,2,8,1,2,5], 1, 0, 37, 0.00, 
[Fri Jan 18 2019 15:38:04 GMT+0100 (Central European Standard Time)] [9,7,6,3,6,0,1,3,0,9,7,4,5,4,8,2,8,1,2,5], 1, 0, 32, 0.00, 
[Fri Jan 18 2019 15:41:22 GMT+0100 (Central European Standard Time)] [9,7,6,3,6,0,1,3,0,9,7,4,5,4,8,2,8,1,2,5], 1, 0, 45, 0.00, 
[Fri Jan 18 2019 15:44:02 GMT+0100 (Central European Standard Time)] [9,7,6,3,6,0,1,3,0,9,7,4,5,4,8,2,8,1,2,5], 1, 0, 36, 0.00, 
[Fri Jan 18 2019 15:47:21 GMT+0100 (Central European Standard Time)] [9,7,6,3,6,0,1,3,0,9,7,4,5,4,8,2,8,1,2,5], 1, 0, 44, 0.00, 
[Fri Jan 18 2019 15:51:34 GMT+0100 (Central European Standard Time)] [9,7,6,3,6,0,1,3,0,9,7,4,5,4,8,2,8,1,2,5], 1, 0, 43, 0.00, 
[Fri Jan 18 2019 15:54:59 GMT+0100 (Central European Standard Time)] [9,7,6,3,6,0,1,3,0,9,7,4,5,4,8,2,8,1,2,5], 1, 0, 39, 0.00, 
[Fri Jan 18 2019 15:57:38 GMT+0100 (Central European Standard Time)] [9,7,6,3,6,0,1,3,0,9,7,4,5,4,8,2,8,1,2,5], 1, 0, 42, 0.00, 
[Fri Jan 18 2019 16:00:16 GMT+0100 (Central European Standard Time)] [9,7,6,3,6,0,1,3,0,9,7,4,5,4,8,2,8,1,2,5], 1, 0, 30, 0.00, 
[Fri Jan 18 2019 16:03:39 GMT+0100 (Central European Standard Time)] [9,7,6,3,6,0,1,3,0,9,7,4,5,4,8,2,8,1,2,5], 1, 0, 47, 0.00, 
[Fri Jan 18 2019 16:06:30 GMT+0100 (Central European Standard Time)] [9,7,6,3,6,0,1,3,0,9,7,4,5,4,8,2,8,1,2,5], 1, 0, 33, 0.00, 
[Fri Jan 18 2019 16:09:10 GMT+0100 (Central European Standard Time)] [9,7,6,3,6,0,1,3,0,9,7,4,5,4,8,2,8,1,2,5], 1, 0, 34, 0.00, 
[Fri Jan 18 2019 16:12:07 GMT+0100 (Central European Standard Time)] [9,7,6,3,6,0,1,3,0,9,7,4,5,4,8,2,8,1,2,5], 1, 0, 32, 0.00, 
[Fri Jan 18 2019 16:14:43 GMT+0100 (Central European Standard Time)] [9,7,6,3,6,0,1,3,0,9,7,4,5,4,8,2,8,1,2,5], 1, 0, 30, 0.00, 
[Fri Jan 18 2019 16:17:09 GMT+0100 (Central European Standard Time)] [9,7,6,3,6,0,1,3,0,9,7,4,5,4,8,2,8,1,2,5], 1, 0, 41, 0.00, 
[Fri Jan 18 2019 16:19:56 GMT+0100 (Central European Standard Time)] [9,7,6,3,6,0,1,3,0,9,7,4,5,4,8,2,8,1,2,5], 1, 0, 32, 0.00, 
[Fri Jan 18 2019 16:23:02 GMT+0100 (Central European Standard Time)] [9,7,6,3,6,0,1,3,0,9,7,4,5,4,8,2,8,1,2,5], 1, 0, 30, 0.00, 
[Fri Jan 18 2019 16:26:19 GMT+0100 (Central European Standard Time)] [9,7,6,3,6,0,1,3,0,9,7,4,5,4,8,2,8,1,2,5], 1, 0, 33, 0.00, 
[Fri Jan 18 2019 16:29:48 GMT+0100 (Central European Standard Time)] [9,7,6,3,6,0,1,3,0,9,7,4,5,4,8,2,8,1,2,5], 1, 0, 38, 0.00, 
[Fri Jan 18 2019 16:32:47 GMT+0100 (Central European Standard Time)] [9,7,6,3,6,0,1,3,0,9,7,4,5,4,8,2,8,1,2,5], 1, 0, 22, 0.00, 
[Fri Jan 18 2019 16:36:14 GMT+0100 (Central European Standard Time)] [9,7,6,3,6,0,1,3,0,9,7,4,5,4,8,2,8,1,2,5], 1, 0, 49, 0.00, 
[Fri Jan 18 2019 16:38:44 GMT+0100 (Central European Standard Time)] [9,7,6,3,6,0,1,3,0,9,7,4,5,4,8,2,8,1,2,5], 1, 0, 33, 0.00, 
[Fri Jan 18 2019 16:41:45 GMT+0100 (Central European Standard Time)] [9,7,6,3,6,0,1,3,0,9,7,4,5,4,8,2,8,1,2,5], 1, 0, 46, 0.00, 
[Fri Jan 18 2019 16:45:01 GMT+0100 (Central European Standard Time)] [9,7,6,3,6,0,1,3,0,9,7,4,5,4,8,2,8,1,2,5], 1, 0, 36, 0.00, 
[Fri Jan 18 2019 16:48:28 GMT+0100 (Central European Standard Time)] [9,7,6,3,6,0,1,3,0,9,7,4,5,4,8,2,8,1,2,5], 1, 0, 52, 0.00, 
[Fri Jan 18 2019 16:51:38 GMT+0100 (Central European Standard Time)] [9,7,6,3,6,0,1,3,0,9,7,4,5,4,8,2,8,1,2,5], 1, 0, 29, 0.00, 
[Fri Jan 18 2019 16:54:53 GMT+0100 (Central European Standard Time)] [9,7,6,3,6,0,1,3,0,9,7,4,5,4,8,2,8,1,2,5], 1, 0, 44, 0.00, 
[Fri Jan 18 2019 16:58:03 GMT+0100 (Central European Standard Time)] [9,7,6,3,6,0,1,3,0,9,7,4,5,4,8,2,8,1,2,5], 1, 0, 43, 0.00, 
[Fri Jan 18 2019 17:01:09 GMT+0100 (Central European Standard Time)] [9,7,6,3,6,0,1,3,0,9,7,4,5,4,8,2,8,1,2,5], 1, 0, 39, 0.00, 
[Fri Jan 18 2019 17:04:09 GMT+0100 (Central European Standard Time)] [9,7,6,3,6,0,1,3,0,9,7,4,5,4,8,2,8,1,2,5], 1, 0, 37, 0.00, 
[Fri Jan 18 2019 17:07:07 GMT+0100 (Central European Standard Time)] [9,7,6,3,6,0,1,3,0,9,7,4,5,4,8,2,8,1,2,5], 1, 0, 38, 0.00, 
[Fri Jan 18 2019 17:09:58 GMT+0100 (Central European Standard Time)] [9,7,6,3,6,0,1,3,0,9,7,4,5,4,8,2,8,1,2,5], 1, 0, 49, 0.00, 
[Fri Jan 18 2019 17:13:43 GMT+0100 (Central European Standard Time)] [9,7,6,3,6,0,1,3,0,9,7,4,5,4,8,2,8,1,2,5], 1, 0, 52, 0.00, 
[Fri Jan 18 2019 17:17:14 GMT+0100 (Central European Standard Time)] [9,7,6,3,6,0,1,3,0,9,7,4,5,4,8,2,8,1,2,5], 1, 0, 42, 0.00, 
[Fri Jan 18 2019 17:20:25 GMT+0100 (Central European Standard Time)] [9,7,6,3,6,0,1,3,0,9,7,4,5,4,8,2,8,1,2,5], 1, 0, 34, 0.00, 
[Fri Jan 18 2019 17:23:36 GMT+0100 (Central European Standard Time)] [9,7,6,3,6,0,1,3,0,9,7,4,5,4,8,2,8,1,2,5], 1, 0, 38, 0.00, 
[Fri Jan 18 2019 17:26:38 GMT+0100 (Central European Standard Time)] [9,7,6,3,6,0,1,3,0,9,7,4,5,4,8,2,8,1,2,5], 1, 0, 30, 0.00, 
[Fri Jan 18 2019 17:29:43 GMT+0100 (Central European Standard Time)] [9,7,6,3,6,0,1,3,0,9,7,4,5,4,8,2,8,1,2,5], 1, 0, 42, 0.00, 
[Fri Jan 18 2019 17:32:47 GMT+0100 (Central European Standard Time)] [9,7,6,3,6,0,1,3,0,9,7,4,5,4,8,2,8,1,2,5], 1, 0, 32, 0.00, 
[Fri Jan 18 2019 17:35:22 GMT+0100 (Central European Standard Time)] [9,7,6,3,6,0,1,3,0,9,7,4,5,4,8,2,8,1,2,5], 1, 0, 21, 0.00, 
[Fri Jan 18 2019 17:38:02 GMT+0100 (Central European Standard Time)] [9,7,6,3,6,0,1,3,0,9,7,4,5,4,8,2,8,1,2,5], 1, 0, 38, 0.00, 
[Fri Jan 18 2019 17:41:07 GMT+0100 (Central European Standard Time)] [9,7,6,3,6,0,1,3,0,9,7,4,5,4,8,2,8,1,2,5], 1, 0, 38, 0.00, 
[Fri Jan 18 2019 17:44:00 GMT+0100 (Central European Standard Time)] [9,7,6,3,6,0,1,3,0,9,7,4,5,4,8,2,8,1,2,5], 1, 0, 26, 0.00, 
[Fri Jan 18 2019 17:46:36 GMT+0100 (Central European Standard Time)] [9,7,6,3,6,0,1,3,0,9,7,4,5,4,8,2,8,1,2,5], 1, 0, 39, 0.00, 
[Fri Jan 18 2019 17:49:17 GMT+0100 (Central European Standard Time)] [9,7,6,3,6,0,1,3,0,9,7,4,5,4,8,2,8,1,2,5], 1, 0, 42, 0.00, 
[Fri Jan 18 2019 17:52:44 GMT+0100 (Central European Standard Time)] [9,7,6,3,6,0,1,3,0,9,7,4,5,4,8,2,8,1,2,5], 1, 0, 39, 0.00, 
[Fri Jan 18 2019 17:55:42 GMT+0100 (Central European Standard Time)] [9,7,6,3,6,0,1,3,0,9,7,4,5,4,8,2,8,1,2,5], 1, 0, 35, 0.00, 
[Fri Jan 18 2019 17:58:39 GMT+0100 (Central European Standard Time)] [9,7,6,3,6,0,1,3,0,9,7,4,5,4,8,2,8,1,2,5], 1, 0, 36, 0.00, 
[Fri Jan 18 2019 18:01:24 GMT+0100 (Central European Standard Time)] [9,7,6,3,6,0,1,3,0,9,7,4,5,4,8,2,8,1,2,5], 1, 0, 48, 0.00, 
[Fri Jan 18 2019 18:04:23 GMT+0100 (Central European Standard Time)] [9,7,6,3,6,0,1,3,0,9,7,4,5,4,8,2,8,1,2,5], 1, 0, 26, 0.00, 
[Fri Jan 18 2019 18:06:57 GMT+0100 (Central European Standard Time)] [9,7,6,3,6,0,1,3,0,9,7,4,5,4,8,2,8,1,2,5], 1, 0, 22, 0.00, 
[Fri Jan 18 2019 18:09:58 GMT+0100 (Central European Standard Time)] [9,7,6,3,6,0,1,3,0,9,7,4,5,4,8,2,8,1,2,5], 1, 0, 32, 0.00, 
[Fri Jan 18 2019 18:13:03 GMT+0100 (Central European Standard Time)] [9,7,6,3,6,0,1,3,0,9,7,4,5,4,8,2,8,1,2,5], 1, 0, 45, 0.00, 
[Fri Jan 18 2019 18:15:57 GMT+0100 (Central European Standard Time)] [9,7,6,3,6,0,1,3,0,9,7,4,5,4,8,2,8,1,2,5], 1, 0, 44, 0.00, 
[Fri Jan 18 2019 18:18:50 GMT+0100 (Central European Standard Time)] [9,7,6,3,6,0,1,3,0,9,7,4,5,4,8,2,8,1,2,5], 1, 0, 33, 0.00, 
[Fri Jan 18 2019 18:21:28 GMT+0100 (Central European Standard Time)] [9,7,6,3,6,0,1,3,0,9,7,4,5,4,8,2,8,1,2,5], 1, 0, 37, 0.00, 
[Fri Jan 18 2019 18:24:19 GMT+0100 (Central European Standard Time)] [9,7,6,3,6,0,1,3,0,9,7,4,5,4,8,2,8,1,2,5], 1, 0, 40, 0.00, 
[Fri Jan 18 2019 18:27:17 GMT+0100 (Central European Standard Time)] [9,7,6,3,6,0,1,3,0,9,7,4,5,4,8,2,8,1,2,5], 1, 0, 32, 0.00, 
[Fri Jan 18 2019 18:30:15 GMT+0100 (Central European Standard Time)] [9,7,6,3,6,0,1,3,0,9,7,4,5,4,8,2,8,1,2,5], 1, 0, 44, 0.00, 
[Fri Jan 18 2019 18:34:05 GMT+0100 (Central European Standard Time)] [9,7,6,3,6,0,1,3,0,9,7,4,5,4,8,2,8,1,2,5], 1, 0, 53, 0.00, 
[Fri Jan 18 2019 18:37:07 GMT+0100 (Central European Standard Time)] [9,7,6,3,6,0,1,3,0,9,7,4,5,4,8,2,8,1,2,5], 1, 0, 41, 0.00, 
[Fri Jan 18 2019 18:39:50 GMT+0100 (Central European Standard Time)] [9,7,6,3,6,0,1,3,0,9,7,4,5,4,8,2,8,1,2,5], 1, 0, 19, 0.00, 
[Fri Jan 18 2019 18:43:07 GMT+0100 (Central European Standard Time)] [9,7,6,3,6,0,1,3,0,9,7,4,5,4,8,2,8,1,2,5], 1, 0, 28, 0.00, 
[Fri Jan 18 2019 18:45:51 GMT+0100 (Central European Standard Time)] [9,7,6,3,6,0,1,3,0,9,7,4,5,4,8,2,8,1,2,5], 1, 0, 37, 0.00, 
[Fri Jan 18 2019 18:49:09 GMT+0100 (Central European Standard Time)] [9,7,6,3,6,0,1,3,0,9,7,4,5,4,8,2,8,1,2,5], 1, 0, 46, 0.00, 
[Fri Jan 18 2019 18:52:22 GMT+0100 (Central European Standard Time)] [9,7,6,3,6,0,1,3,0,9,7,4,5,4,8,2,8,1,2,5], 1, 0, 45, 0.00, 
[Fri Jan 18 2019 18:55:20 GMT+0100 (Central European Standard Time)] [9,7,6,3,6,0,1,3,0,9,7,4,5,4,8,2,8,1,2,5], 1, 0, 48, 0.00, 
[Fri Jan 18 2019 18:58:17 GMT+0100 (Central European Standard Time)] [9,7,6,3,6,0,1,3,0,9,7,4,5,4,8,2,8,1,2,5], 1, 0, 28, 0.00, 
[Fri Jan 18 2019 19:01:51 GMT+0100 (Central European Standard Time)] [9,7,6,3,6,0,1,3,0,9,7,4,5,4,8,2,8,1,2,5], 1, 0, 26, 0.00, 
[Fri Jan 18 2019 19:05:09 GMT+0100 (Central European Standard Time)] [9,7,6,3,6,0,1,3,0,9,7,4,5,4,8,2,8,1,2,5], 1, 0, 39, 0.00, 
[Fri Jan 18 2019 19:08:28 GMT+0100 (Central European Standard Time)] [9,7,6,3,6,0,1,3,0,9,7,4,5,4,8,2,8,1,2,5], 1, 0, 21, 0.00, 
[Fri Jan 18 2019 19:11:30 GMT+0100 (Central European Standard Time)] [9,7,6,3,6,0,1,3,0,9,7,4,5,4,8,2,8,1,2,5], 1, 0, 37, 0.00, 
[Fri Jan 18 2019 19:14:38 GMT+0100 (Central European Standard Time)] [9,7,6,3,6,0,1,3,0,9,7,4,5,4,8,2,8,1,2,5], 1, 0, 50, 0.00, 
[Fri Jan 18 2019 19:17:04 GMT+0100 (Central European Standard Time)] [9,7,6,3,6,0,1,3,0,9,7,4,5,4,8,2,8,1,2,5], 1, 0, 34, 0.00, 
[Fri Jan 18 2019 19:19:47 GMT+0100 (Central European Standard Time)] [9,7,6,3,6,0,1,3,0,9,7,4,5,4,8,2,8,1,2,5], 1, 0, 29, 0.00, 
[Fri Jan 18 2019 19:22:15 GMT+0100 (Central European Standard Time)] [9,7,6,3,6,0,1,3,0,9,7,4,5,4,8,2,8,1,2,5], 1, 0, 32, 0.00, 
[Fri Jan 18 2019 19:24:44 GMT+0100 (Central European Standard Time)] [9,7,6,3,6,0,1,3,0,9,7,4,5,4,8,2,8,1,2,5], 1, 0, 32, 0.00, 
[Fri Jan 18 2019 19:27:21 GMT+0100 (Central European Standard Time)] [9,7,6,3,6,0,1,3,0,9,7,4,5,4,8,2,8,1,2,5], 1, 0, 29, 0.00, 
[Fri Jan 18 2019 19:29:48 GMT+0100 (Central European Standard Time)] [9,7,6,3,6,0,1,3,0,9,7,4,5,4,8,2,8,1,2,5], 1, 0, 36, 0.00, 
[Fri Jan 18 2019 19:32:26 GMT+0100 (Central European Standard Time)] [9,7,6,3,6,0,1,3,0,9,7,4,5,4,8,2,8,1,2,5], 1, 0, 42, 0.00, 
[Fri Jan 18 2019 19:35:04 GMT+0100 (Central European Standard Time)] [9,7,6,3,6,0,1,3,0,9,7,4,5,4,8,2,8,1,2,5], 1, 0, 32, 0.00, 
[Fri Jan 18 2019 19:38:01 GMT+0100 (Central European Standard Time)] [9,7,6,3,6,0,1,3,0,9,7,4,5,4,8,2,8,1,2,5], 1, 0, 30, 0.00, 
[Fri Jan 18 2019 19:40:37 GMT+0100 (Central European Standard Time)] [9,7,6,3,6,0,1,3,0,9,7,4,5,4,8,2,8,1,2,5], 1, 0, 37, 0.00, 
[Fri Jan 18 2019 19:43:26 GMT+0100 (Central European Standard Time)] [9,7,6,3,6,0,1,3,0,9,7,4,5,4,8,2,8,1,2,5], 1, 0, 39, 0.00, 
[Fri Jan 18 2019 19:46:16 GMT+0100 (Central European Standard Time)] [9,7,6,3,6,0,1,3,0,9,7,4,5,4,8,2,8,1,2,5], 1, 0, 43, 0.00, 
[Fri Jan 18 2019 19:49:12 GMT+0100 (Central European Standard Time)] [9,7,6,3,6,0,1,3,0,9,7,4,5,4,8,2,8,1,2,5], 1, 0, 37, 0.00, 
[Fri Jan 18 2019 19:52:29 GMT+0100 (Central European Standard Time)] [9,7,6,3,6,0,1,3,0,9,7,4,5,4,8,2,8,1,2,5], 1, 0, 39, 0.00, 
[Fri Jan 18 2019 19:55:11 GMT+0100 (Central European Standard Time)] [9,7,6,3,6,0,1,3,0,9,7,4,5,4,8,2,8,1,2,5], 1, 0, 32, 0.00, 
[Fri Jan 18 2019 19:57:27 GMT+0100 (Central European Standard Time)] [9,7,6,3,6,0,1,3,0,9,7,4,5,4,8,2,8,1,2,5], 1, 0, 32, 0.00, 
[Fri Jan 18 2019 19:59:59 GMT+0100 (Central European Standard Time)] [9,7,6,3,6,0,1,3,0,9,7,4,5,4,8,2,8,1,2,5], 1, 0, 44, 0.00, 
[Fri Jan 18 2019 20:03:20 GMT+0100 (Central European Standard Time)] [9,7,6,3,6,0,1,3,0,9,7,4,5,4,8,2,8,1,2,5], 1, 0, 45, 0.00, 
[Fri Jan 18 2019 20:05:39 GMT+0100 (Central European Standard Time)] [9,7,6,3,6,0,1,3,0,9,7,4,5,4,8,2,8,1,2,5], 1, 0, 34, 0.00, 
[Fri Jan 18 2019 20:09:04 GMT+0100 (Central European Standard Time)] [9,7,6,3,6,0,1,3,0,9,7,4,5,4,8,2,8,1,2,5], 1, 0, 41, 0.00, 
[Fri Jan 18 2019 20:11:39 GMT+0100 (Central European Standard Time)] [9,7,6,3,6,0,1,3,0,9,7,4,5,4,8,2,8,1,2,5], 1, 0, 33, 0.00, 
[Fri Jan 18 2019 20:14:23 GMT+0100 (Central European Standard Time)] [9,7,6,3,6,0,1,3,0,9,7,4,5,4,8,2,8,1,2,5], 1, 0, 31, 0.00, 
[Fri Jan 18 2019 20:17:29 GMT+0100 (Central European Standard Time)] [9,7,6,3,6,0,1,3,0,9,7,4,5,4,8,2,8,1,2,5], 1, 0, 41, 0.00, 
[Fri Jan 18 2019 20:20:26 GMT+0100 (Central European Standard Time)] [9,7,6,3,6,0,1,3,0,9,7,4,5,4,8,2,8,1,2,5], 1, 0, 23, 0.00, 
[Fri Jan 18 2019 20:23:05 GMT+0100 (Central European Standard Time)] [9,7,6,3,6,0,1,3,0,9,7,4,5,4,8,2,8,1,2,5], 1, 0, 28, 0.00, 
[Fri Jan 18 2019 20:26:45 GMT+0100 (Central European Standard Time)] [9,7,6,3,6,0,1,3,0,9,7,4,5,4,8,2,8,1,2,5], 1, 0, 38, 0.00, 
[Fri Jan 18 2019 20:29:24 GMT+0100 (Central European Standard Time)] [9,7,6,3,6,0,1,3,0,9,7,4,5,4,8,2,8,1,2,5], 1, 0, 37, 0.00, 
[Fri Jan 18 2019 20:32:09 GMT+0100 (Central European Standard Time)] [9,7,6,3,6,0,1,3,0,9,7,4,5,4,8,2,8,1,2,5], 1, 0, 34, 0.00, 
[Fri Jan 18 2019 20:34:52 GMT+0100 (Central European Standard Time)] [9,7,6,3,6,0,1,3,0,9,7,4,5,4,8,2,8,1,2,5], 1, 0, 37, 0.00, 
[Fri Jan 18 2019 20:37:34 GMT+0100 (Central European Standard Time)] [9,7,6,3,6,0,1,3,0,9,7,4,5,4,8,2,8,1,2,5], 1, 0, 23, 0.00, 
[Fri Jan 18 2019 20:40:48 GMT+0100 (Central European Standard Time)] [9,7,6,3,6,0,1,3,0,9,7,4,5,4,8,2,8,1,2,5], 1, 0, 46, 0.00, 
[Fri Jan 18 2019 20:44:20 GMT+0100 (Central European Standard Time)] [9,7,6,3,6,0,1,3,0,9,7,4,5,4,8,2,8,1,2,5], 1, 0, 34, 0.00, 
[Fri Jan 18 2019 20:47:38 GMT+0100 (Central European Standard Time)] [9,7,6,3,6,0,1,3,0,9,7,4,5,4,8,2,8,1,2,5], 1, 0, 40, 0.00, 
[Fri Jan 18 2019 20:51:01 GMT+0100 (Central European Standard Time)] [9,7,6,3,6,0,1,3,0,9,7,4,5,4,8,2,8,1,2,5], 1, 0, 39, 0.00, 
[Fri Jan 18 2019 20:53:46 GMT+0100 (Central European Standard Time)] [9,7,6,3,6,0,1,3,0,9,7,4,5,4,8,2,8,1,2,5], 1, 0, 37, 0.00, 
[Fri Jan 18 2019 20:56:53 GMT+0100 (Central European Standard Time)] [9,7,6,3,6,0,1,3,0,9,7,4,5,4,8,2,8,1,2,5], 1, 0, 37, 0.00, 
[Fri Jan 18 2019 21:00:17 GMT+0100 (Central European Standard Time)] [9,7,6,3,6,0,1,3,0,9,7,4,5,4,8,2,8,1,2,5], 1, 0, 40, 0.00, 
[Fri Jan 18 2019 21:03:20 GMT+0100 (Central European Standard Time)] [9,7,6,3,6,0,1,3,0,9,7,4,5,4,8,2,8,1,2,5], 1, 0, 26, 0.00, 
[Fri Jan 18 2019 21:06:46 GMT+0100 (Central European Standard Time)] [9,7,6,3,6,0,1,3,0,9,7,4,5,4,8,2,8,1,2,5], 1, 0, 38, 0.00, 
[Fri Jan 18 2019 21:09:51 GMT+0100 (Central European Standard Time)] [9,7,6,3,6,0,1,3,0,9,7,4,5,4,8,2,8,1,2,5], 1, 0, 44, 0.00, 
[Fri Jan 18 2019 21:13:03 GMT+0100 (Central European Standard Time)] [9,7,6,3,6,0,1,3,0,9,7,4,5,4,8,2,8,1,2,5], 1, 0, 37, 0.00, 
[Fri Jan 18 2019 21:16:09 GMT+0100 (Central European Standard Time)] [9,7,6,3,6,0,1,3,0,9,7,4,5,4,8,2,8,1,2,5], 1, 0, 43, 0.00, 
[Fri Jan 18 2019 21:19:36 GMT+0100 (Central European Standard Time)] [9,7,6,3,6,0,1,3,0,9,7,4,5,4,8,2,8,1,2,5], 1, 0, 37, 0.00, 
[Fri Jan 18 2019 21:22:17 GMT+0100 (Central European Standard Time)] [9,7,6,3,6,0,1,3,0,9,7,4,5,4,8,2,8,1,2,5], 1, 0, 41, 0.00, 
[Fri Jan 18 2019 21:25:30 GMT+0100 (Central European Standard Time)] [9,7,6,3,6,0,1,3,0,9,7,4,5,4,8,2,8,1,2,5], 1, 0, 44, 0.00, 
[Fri Jan 18 2019 21:28:38 GMT+0100 (Central European Standard Time)] [9,7,6,3,6,0,1,3,0,9,7,4,5,4,8,2,8,1,2,5], 1, 0, 48, 0.00, 
[Fri Jan 18 2019 21:31:36 GMT+0100 (Central European Standard Time)] [9,7,6,3,6,0,1,3,0,9,7,4,5,4,8,2,8,1,2,5], 1, 0, 40, 0.00, 
[Fri Jan 18 2019 21:34:58 GMT+0100 (Central European Standard Time)] [9,7,6,3,6,0,1,3,0,9,7,4,5,4,8,2,8,1,2,5], 1, 0, 36, 0.00, 
[Fri Jan 18 2019 21:38:02 GMT+0100 (Central European Standard Time)] [9,7,6,3,6,0,1,3,0,9,7,4,5,4,8,2,8,1,2,5], 1, 0, 35, 0.00, 
[Fri Jan 18 2019 21:41:17 GMT+0100 (Central European Standard Time)] [9,7,6,3,6,0,1,3,0,9,7,4,5,4,8,2,8,1,2,5], 1, 0, 40, 0.00, 
[Fri Jan 18 2019 21:44:06 GMT+0100 (Central European Standard Time)] [9,7,6,3,6,0,1,3,0,9,7,4,5,4,8,2,8,1,2,5], 1, 0, 35, 0.00, 
[Fri Jan 18 2019 21:47:09 GMT+0100 (Central European Standard Time)] [9,7,6,3,6,0,1,3,0,9,7,4,5,4,8,2,8,1,2,5], 1, 0, 37, 0.00, 
[Fri Jan 18 2019 21:50:48 GMT+0100 (Central European Standard Time)] [9,7,6,3,6,0,1,3,0,9,7,4,5,4,8,2,8,1,2,5], 1, 0, 53, 0.00, 
[Fri Jan 18 2019 21:53:37 GMT+0100 (Central European Standard Time)] [9,7,6,3,6,0,1,3,0,9,7,4,5,4,8,2,8,1,2,5], 1, 0, 31, 0.00, 
[Fri Jan 18 2019 21:57:01 GMT+0100 (Central European Standard Time)] [9,7,6,3,6,0,1,3,0,9,7,4,5,4,8,2,8,1,2,5], 1, 0, 44, 0.00, 
[Fri Jan 18 2019 21:59:57 GMT+0100 (Central European Standard Time)] [9,7,6,3,6,0,1,3,0,9,7,4,5,4,8,2,8,1,2,5], 1, 0, 39, 0.00, 
[Fri Jan 18 2019 22:03:10 GMT+0100 (Central European Standard Time)] [9,7,6,3,6,0,1,3,0,9,7,4,5,4,8,2,8,1,2,5], 1, 0, 43, 0.00, 
[Fri Jan 18 2019 22:06:19 GMT+0100 (Central European Standard Time)] [9,7,6,3,6,0,1,3,0,9,7,4,5,4,8,2,8,1,2,5], 1, 0, 27, 0.00, 
[Fri Jan 18 2019 22:09:42 GMT+0100 (Central European Standard Time)] [9,7,6,3,6,0,1,3,0,9,7,4,5,4,8,2,8,1,2,5], 1, 0, 44, 0.00, 
[Fri Jan 18 2019 22:12:41 GMT+0100 (Central European Standard Time)] [9,7,6,3,6,0,1,3,0,9,7,4,5,4,8,2,8,1,2,5], 1, 0, 40, 0.00, 
[Fri Jan 18 2019 22:15:51 GMT+0100 (Central European Standard Time)] [9,7,6,3,6,0,1,3,0,9,7,4,5,4,8,2,8,1,2,5], 1, 0, 51, 0.00, 
[Fri Jan 18 2019 22:18:49 GMT+0100 (Central European Standard Time)] [9,7,6,3,6,0,1,3,0,9,7,4,5,4,8,2,8,1,2,5], 1, 0, 34, 0.00, 
[Fri Jan 18 2019 22:22:21 GMT+0100 (Central European Standard Time)] [9,7,6,3,6,0,1,3,0,9,7,4,5,4,8,2,8,1,2,5], 1, 0, 40, 0.00, 
[Fri Jan 18 2019 22:25:41 GMT+0100 (Central European Standard Time)] [9,7,6,3,6,0,1,3,0,9,7,4,5,4,8,2,8,1,2,5], 1, 0, 41, 0.00, 
[Fri Jan 18 2019 22:28:33 GMT+0100 (Central European Standard Time)] [9,7,6,3,6,0,1,3,0,9,7,4,5,4,8,2,8,1,2,5], 1, 0, 27, 0.00, 
[Fri Jan 18 2019 22:31:57 GMT+0100 (Central European Standard Time)] [9,7,6,3,6,0,1,3,0,9,7,4,5,4,8,2,8,1,2,5], 1, 0, 37, 0.00, 
[Fri Jan 18 2019 22:34:48 GMT+0100 (Central European Standard Time)] [9,7,6,3,6,0,1,3,0,9,7,4,5,4,8,2,8,1,2,5], 1, 0, 37, 0.00, 
[Fri Jan 18 2019 22:37:15 GMT+0100 (Central European Standard Time)] [9,7,6,3,6,0,1,3,0,9,7,4,5,4,8,2,8,1,2,5], 1, 0, 36, 0.00, 
[Fri Jan 18 2019 22:39:59 GMT+0100 (Central European Standard Time)] [9,7,6,3,6,0,1,3,0,9,7,4,5,4,8,2,8,1,2,5], 1, 0, 49, 0.00, 
[Fri Jan 18 2019 22:42:54 GMT+0100 (Central European Standard Time)] [9,7,6,3,6,0,1,3,0,9,7,4,5,4,8,2,8,1,2,5], 1, 0, 36, 0.00, 
[Fri Jan 18 2019 22:45:59 GMT+0100 (Central European Standard Time)] [9,7,6,3,6,0,1,3,0,9,7,4,5,4,8,2,8,1,2,5], 1, 0, 37, 0.00, 
[Fri Jan 18 2019 22:49:05 GMT+0100 (Central European Standard Time)] [9,7,6,3,6,0,1,3,0,9,7,4,5,4,8,2,8,1,2,5], 1, 0, 37, 0.00, 
[Fri Jan 18 2019 22:52:21 GMT+0100 (Central European Standard Time)] [9,7,6,3,6,0,1,3,0,9,7,4,5,4,8,2,8,1,2,5], 1, 0, 40, 0.00, 
[Fri Jan 18 2019 22:55:16 GMT+0100 (Central European Standard Time)] [9,7,6,3,6,0,1,3,0,9,7,4,5,4,8,2,8,1,2,5], 1, 0, 37, 0.00, 
[Fri Jan 18 2019 22:58:26 GMT+0100 (Central European Standard Time)] [9,7,6,3,6,0,1,3,0,9,7,4,5,4,8,2,8,1,2,5], 1, 0, 36, 0.00, 
[Fri Jan 18 2019 23:01:45 GMT+0100 (Central European Standard Time)] [9,7,6,3,6,0,1,3,0,9,7,4,5,4,8,2,8,1,2,5], 1, 0, 43, 0.00, 
